766 0
1	2.81114e-016	-1.02733e-005	
-1.37277e-016	1	-7.06481e-006	
-6.45089e-019	5.96187e-019	1	
708 1
1	3.35063e-016	-2.74344e-006	
-2.42755e-016	1	1.68323e-006	
-1.09138e-018	1.01498e-018	1	
783 2
1	-2.96878e-017	1.51669e-005	
-1.05274e-016	1	1.39011e-005	
-9.18107e-019	1.23843e-018	1	
724 3
1	-1.62412e-016	3.63274e-005	
5.03129e-017	1	1.34983e-005	
4.76054e-019	6.32846e-020	1	
693 4
1	-8.38448e-016	3.30959e-005	
-9.66375e-017	1	4.82028e-006	
1.04739e-018	-2.27236e-018	1	
694 5
1	-1.40848e-015	3.83303e-005	
-1.04953e-016	1	4.38352e-006	
1.01735e-018	-3.29732e-018	1	
203 6
1	-1.50867e-015	4.87231e-005	
-9.54607e-017	1	-1.78657e-007	
9.93088e-019	-1.71587e-018	1	
452 7
1	8.9091e-017	3.09981e-005	
-8.30353e-016	1	-3.74467e-006	
-2.96685e-018	2.33749e-018	1	
529 8
1	5.83434e-016	2.85225e-005	
-9.04196e-016	1	-1.79136e-006	
-4.34758e-018	1.93883e-018	1	
485 9
1	3.68567e-016	2.30878e-005	
-1.48104e-015	1	-9.74619e-006	
-7.51563e-018	5.45614e-019	1	
587 10
1	1.41704e-015	2.3555e-005	
-1.82584e-015	1	-1.94831e-005	
-9.13612e-018	4.28386e-018	1	
496 11
1	7.23828e-016	4.25054e-005	
-1.64778e-015	1	-1.28609e-005	
-7.81281e-018	2.10265e-018	1	
575 12
1	-1.1078e-016	5.06988e-005	
-1.67628e-015	1	-1.05753e-005	
-7.46128e-018	5.10554e-019	1	
552 13
1	-1.42925e-015	6.78877e-005	
-1.17016e-015	1	-1.33275e-005	
-5.45717e-018	-2.20823e-018	1	
607 14
1	-2.12029e-015	7.53652e-005	
-9.12496e-016	1	-1.27034e-005	
-3.55959e-018	-4.08653e-018	1	
610 15
1	-2.24243e-015	7.4499e-005	
-1.02437e-015	1	-2.39857e-005	
-4.46084e-018	-4.26794e-018	1	
632 16
1	-2.62821e-015	9.29401e-005	
-1.0731e-015	1	-1.44633e-005	
-4.75329e-018	-4.94128e-018	1	
598 17
1	-2.18091e-015	8.49553e-005	
-5.83883e-016	1	-2.28934e-005	
-1.66371e-018	-4.7807e-018	1	
644 18
1	-1.65312e-015	0.000109036	
-8.52005e-016	1	-1.32238e-005	
-2.37873e-018	-3.11237e-018	1	
616 19
1	-3.16266e-015	0.000110662	
-1.89048e-016	1	-1.91827e-005	
1.49178e-018	-4.39741e-018	1	
633 20
1	-3.47177e-015	0.000117758	
1.16845e-016	1	-1.63703e-005	
2.80085e-018	-7.17843e-018	1	
602 21
1	-2.99309e-015	0.000113893	
1.06441e-016	1	-9.558e-006	
3.12538e-018	-6.02411e-018	1	
648 22
1	-3.99787e-015	0.000123403	
-1.79645e-016	1	-4.09663e-006	
1.82496e-018	-8.08293e-018	1	
638 23
1	-4.29287e-015	0.000114713	
-1.9658e-016	1	-8.50892e-006	
2.02024e-018	-7.74297e-018	1	
652 24
1	-3.90397e-015	0.000135449	
-2.05549e-016	1	-6.15206e-006	
1.37969e-018	-7.42791e-018	1	
587 25
1	-3.78793e-015	0.000152935	
-3.91137e-016	1	-2.44995e-006	
-3.6177e-019	-5.58358e-018	1	
599 26
1	-3.94129e-015	0.000142722	
-4.46077e-016	1	-9.68149e-006	
-1.4386e-018	-7.97124e-018	1	
582 27
1	-4.32571e-015	0.000132531	
-3.97723e-016	1	-1.51365e-005	
-6.50098e-019	-8.56984e-018	1	
601 28
1	-4.10242e-015	0.000145759	
-5.94479e-016	1	-1.94725e-005	
-1.71665e-018	-9.56323e-018	1	
603 29
1	-4.35884e-015	0.000144563	
-5.19898e-016	1	-1.82197e-005	
-1.16353e-018	-9.82153e-018	1	
641 30
1	-4.68766e-015	0.000172142	
-2.95693e-016	1	-7.02938e-006	
1.33425e-019	-1.17742e-017	1	
597 31
1	-4.20654e-015	0.000195118	
1.61321e-017	1	-5.2469e-006	
1.27082e-018	-1.10286e-017	1	
645 32
1	-4.80682e-015	0.000177413	
-3.24966e-017	1	-4.73398e-006	
6.29201e-019	-1.2865e-017	1	
614 33
1	-4.4619e-015	0.000188869	
-2.80352e-016	1	-5.67966e-006	
-5.87063e-019	-9.92205e-018	1	
605 34
1	-4.27184e-015	0.000171241	
-8.8793e-017	1	-6.55223e-006	
5.06317e-019	-1.09683e-017	1	
570 35
1	-3.35263e-015	0.000162581	
-5.20671e-016	1	-7.14072e-006	
-2.45818e-018	-6.88805e-018	1	
604 36
1	-3.39697e-015	0.000161613	
-3.86441e-016	1	-8.87444e-007	
-1.05769e-018	-7.83134e-018	1	
514 37
1	-3.63965e-015	0.00015752	
-4.36299e-016	1	-1.54155e-005	
-1.18677e-018	-8.26225e-018	1	
591 38
1	-3.1935e-015	0.000167021	
-1.58791e-016	1	-1.80192e-005	
1.49227e-019	-9.25736e-018	1	
577 39
1	-3.49995e-015	0.000142403	
-5.46689e-016	1	-2.47581e-005	
-1.46799e-018	-8.85541e-018	1	
592 40
1	-4.03299e-015	0.000135106	
-1.86009e-016	1	-3.84822e-005	
2.35118e-019	-9.24835e-018	1	
621 41
1	-3.99992e-015	0.000140652	
-4.54829e-016	1	-3.44304e-005	
-1.24198e-018	-5.95605e-018	1	
642 42
1	-2.84445e-015	0.000149874	
-6.5662e-016	1	-2.62693e-005	
-2.34026e-018	-4.18831e-018	1	
639 43
1	-3.02581e-015	0.000134501	
-8.68408e-016	1	-3.41541e-005	
-3.08391e-018	-3.19245e-018	1	
592 44
1	-3.67716e-015	0.000125948	
-7.97207e-016	1	-2.68159e-005	
-1.39787e-018	-5.51754e-018	1	
593 45
1	-3.15202e-015	0.000125678	
-5.47125e-016	1	-1.7348e-005	
2.98396e-019	-4.93716e-018	1	
680 46
1	-2.76017e-015	0.000119442	
-6.00451e-016	1	-2.99102e-005	
-1.15893e-018	-2.82519e-018	1	
622 47
1	-2.77019e-015	0.000114613	
-5.97942e-016	1	-2.84218e-005	
-2.07204e-018	-1.27208e-018	1	
641 48
1	-3.2268e-015	9.24869e-005	
-7.63488e-016	1	-3.34835e-005	
-2.86574e-018	-4.81418e-019	1	
606 49
1	-2.5225e-015	7.97939e-005	
-7.08361e-016	1	-2.88512e-005	
-3.26094e-018	6.0289e-019	1	
645 50
1	-2.54529e-015	0.000107269	
-3.3586e-016	1	-2.19535e-005	
-1.28472e-018	-7.78545e-019	1	
599 51
1	-2.97284e-015	0.000100586	
-6.59941e-017	1	-2.85461e-005	
1.02149e-018	-1.83939e-019	1	
582 52
1	-2.75292e-015	9.13628e-005	
-1.97614e-016	1	-3.30737e-005	
1.29875e-018	1.31182e-018	1	
556 53
1	-3.19893e-015	9.20051e-005	
2.21546e-016	1	-4.46968e-005	
3.63883e-018	4.49242e-019	1	
579 54
1	-3.17743e-015	9.3563e-005	
-1.08809e-016	1	-4.69561e-005	
2.65435e-018	4.89097e-019	1	
565 55
1	-4.75862e-015	8.26501e-005	
-2.62778e-016	1	-6.05455e-005	
2.06987e-018	-3.85235e-019	1	
580 56
1	-5.38586e-015	7.52964e-005	
1.84964e-016	1	-6.72771e-005	
3.63212e-018	-1.78968e-018	1	
564 57
1	-6.53599e-015	7.16093e-005	
1.91888e-016	1	-8.11469e-005	
3.84822e-018	-3.03362e-018	1	
573 58
1	-6.03471e-015	9.24019e-005	
3.57784e-016	1	-6.96049e-005	
5.26694e-018	-2.96647e-018	1	
545 59
1	-6.03358e-015	7.50523e-005	
8.37598e-016	1	-7.97601e-005	
7.65397e-018	-2.13211e-018	1	
582 60
1	-5.83006e-015	7.93707e-005	
1.51893e-015	1	-7.12821e-005	
9.81598e-018	-2.96092e-018	1	
574 61
1	-6.11359e-015	5.87022e-005	
9.65866e-016	1	-7.4721e-005	
7.00935e-018	-3.33551e-018	1	
549 62
1	-6.37227e-015	6.70129e-005	
7.14345e-016	1	-7.46032e-005	
6.08464e-018	-3.85829e-018	1	
519 63
1	-7.6961e-015	4.63425e-005	
1.02063e-015	1	-8.18399e-005	
7.47992e-018	-6.36508e-018	1	
518 64
1	-6.45658e-015	6.13413e-005	
1.34621e-015	1	-6.58346e-005	
8.65156e-018	-3.99549e-018	1	
503 65
1	-5.85831e-015	3.423e-005	
1.81414e-015	1	-7.44793e-005	
1.02845e-017	-3.54015e-018	1	
222 66
1	-6.65958e-015	3.78737e-005	
2.15665e-015	1	-6.46414e-005	
1.15827e-017	-5.91761e-018	1	
411 67
1	-7.90568e-015	2.22307e-005	
2.81313e-015	1	-7.31481e-005	
1.49472e-017	-7.24159e-018	1	
488 68
1	-7.29647e-015	1.81612e-005	
2.47257e-015	1	-7.65611e-005	
1.33559e-017	-4.95592e-018	1	
457 69
1	-5.38477e-015	1.8631e-005	
2.31515e-015	1	-7.23082e-005	
1.23286e-017	-3.8634e-018	1	
484 70
1	-5.03858e-015	3.79518e-005	
2.65836e-015	1	-5.79723e-005	
1.42194e-017	-4.53613e-018	1	
447 71
1	-4.44205e-015	3.91625e-005	
2.49171e-015	1	-5.52842e-005	
1.38909e-017	-5.50683e-018	1	
529 72
1	-5.32826e-015	1.71518e-005	
2.3495e-015	1	-5.36965e-005	
1.31701e-017	-8.11435e-018	1	
271 73
1	-5.21711e-015	6.25097e-006	
2.46246e-015	1	-5.18018e-005	
1.39866e-017	-6.22011e-018	1	
329 74
1	-4.45602e-015	4.32283e-006	
2.30352e-015	1	-5.22415e-005	
1.26842e-017	-5.33712e-018	1	
486 75
1	-5.08643e-015	-1.47261e-005	
2.32829e-015	1	-6.2116e-005	
1.17222e-017	-5.87113e-018	1	
414 76
1	-5.70058e-015	-6.27851e-006	
2.93106e-015	1	-6.18927e-005	
1.49898e-017	-5.90259e-018	1	
226 77
1	-5.51553e-015	5.62088e-006	
2.75168e-015	1	-5.92699e-005	
1.38945e-017	-4.60993e-018	1	
221 78
1	-4.95034e-015	1.68497e-006	
3.0527e-015	1	-5.30549e-005	
1.50962e-017	-3.29934e-018	1	
181 79
1	-5.72724e-015	0.999992	
3.23724e-015	1	-5.34997e-005	
1.54357e-017	-2.7448e-018	1	
210 80
1.00001	0.00142969	0.818138	
-0.00106448	1.0014	0.103213	
-6.14834e-006	1.03486e-005	1	
282 81
1.00001	0.00142969	1.81815	
-0.00106448	1.0014	0.102144	
-6.14834e-006	1.03486e-005	0.999996	
245 82
0.998936	0.00655563	1.89917	
-0.00131428	1.00098	0.179888	
-8.11431e-006	1.14523e-005	0.999996	
264 83
0.998936	0.00655563	2.8981	
-0.00131428	1.00098	0.178566	
-8.11431e-006	1.14523e-005	0.999988	
265 84
0.998936	0.00655563	4.89595	
-0.00131428	1.00098	0.175935	
-8.11431e-006	1.14523e-005	0.999972	
192 85
1.00437	-0.00190445	8.41433	
0.000357688	0.998301	0.046127	
3.31107e-007	-4.94461e-006	0.999974	
276 86
1.00437	-0.00190445	12.4318	
0.000357688	0.998301	0.0475483	
3.31107e-007	-4.94461e-006	0.999975	
335 87
1.00437	-0.00190445	16.4493	
0.000357688	0.998301	0.0489784	
3.31107e-007	-4.94461e-006	0.999976	
401 88
1.00437	-0.00190445	20.4668	
0.000357688	0.998301	0.0504144	
3.31107e-007	-4.94461e-006	0.999978	
273 89
1.00437	-0.00190445	25.4886	
0.000357688	0.9983	0.0522103	
3.31106e-007	-4.94461e-006	0.999979	
434 90
1.00437	-0.00190445	29.5061	
0.000357688	0.998301	0.0536439	
3.31107e-007	-4.94461e-006	0.999981	
441 91
1.00437	-0.00190445	34.5279	
0.000357688	0.998301	0.0554253	
3.31107e-007	-4.94461e-006	0.999982	
417 92
1.00437	-0.00190445	39.5497	
0.000357688	0.998301	0.0572088	
3.31107e-007	-4.94461e-006	0.999984	
304 93
0.996254	-0.000589349	45.1644	
-0.00341434	0.993634	1.12084	
-1.86009e-005	-8.17563e-007	0.999878	
490 94
0.996253	-0.000589349	50.1456	
-0.00341434	0.993634	1.10377	
-1.86009e-005	-8.17563e-007	0.999785	
311 95
0.996253	-0.000589349	57.1194	
-0.00341434	0.993634	1.07988	
-1.86009e-005	-8.17563e-007	0.999655	
471 96
0.996254	-0.000589349	65.0895	
-0.00341434	0.993635	1.05256	
-1.86009e-005	-8.17563e-007	0.999506	
210 97
0.996254	-0.000589349	74.0557	
-0.00341434	0.993634	1.02183	
-1.86009e-005	-8.17563e-007	0.999339	
259 98
0.996254	-0.000589349	84.0183	
-0.00341434	0.993634	0.98769	
-1.86009e-005	-8.17563e-007	0.999153	
240 99
0.996254	-0.000589349	95.9733	
-0.00341434	0.993634	0.946725	
-1.86009e-005	-8.17563e-007	0.99893	
218 100
0.992927	-0.0106927	110.427	
-0.00467295	0.988194	1.35821	
-2.57444e-005	-1.44813e-005	0.998548	
270 101
0.984855	-0.00742889	126.35	
-0.00617143	0.987507	1.51288	
-3.47096e-005	-9.30555e-006	0.997984	
297 102
0.967646	-0.0115286	143.18	
-0.0105201	0.97814	2.71573	
-5.46504e-005	-2.17104e-005	0.997002	
302 103
0.970902	0.000650223	155.689	
-0.0108013	0.983481	2.27584	
-5.70671e-005	-2.38071e-006	0.996267	
365 104
0.970902	0.000650223	168.311	
-0.0108013	0.983481	2.13543	
-5.70671e-005	-2.38071e-006	0.995526	
316 105
0.972497	0.0110312	179.356	
-0.0102132	0.987691	1.65219	
-5.49025e-005	9.94252e-006	0.994898	
311 106
0.967139	0.0202826	190.064	
-0.0125259	0.991623	1.55788	
-6.71171e-005	3.15462e-005	0.994156	
167 107
0.965229	0.01867	198.484	
-0.0114068	0.986764	1.72929	
-6.16437e-005	1.45182e-005	0.993623	
370 108
0.965229	0.01867	205.24	
-0.0114068	0.986764	1.64943	
-6.16437e-005	1.45182e-005	0.993192	
380 109
0.958071	0.021548	212.306	
-0.0136112	0.989032	1.66702	
-7.32601e-005	2.96697e-005	0.992655	
580 110
0.958071	0.021548	219.971	
-0.0136112	0.989032	1.55814	
-7.32601e-005	2.96697e-005	0.992069	
500 111
0.957401	0.0117724	229.055	
-0.0135333	0.984704	1.7174	
-7.27975e-005	1.55538e-005	0.991383	
490 112
0.957401	0.0117724	237.671	
-0.0135333	0.984704	1.5956	
-7.27975e-005	1.55538e-005	0.990728	
445 113
0.957401	0.0117724	246.288	
-0.0135333	0.984704	1.47379	
-7.27975e-005	1.55538e-005	0.990072	
515 114
0.959154	0.00709678	254.179	
-0.012232	0.982229	1.46716	
-6.57105e-005	4.74456e-006	0.989532	
657 115
0.959154	0.00709678	261.852	
-0.012232	0.982229	1.36929	
-6.57105e-005	4.74456e-006	0.989007	
293 116
0.961562	0.0103217	268.362	
-0.0121649	0.984867	1.12763	
-6.53899e-005	1.39807e-005	0.988562	
298 117
0.961253	0.0236348	271.742	
-0.0137587	0.9938	0.531085	
-7.38857e-005	4.59334e-005	0.988276	
528 118
0.956614	0.0136387	277.02	
-0.0144818	0.988974	0.867249	
-7.88998e-005	3.42854e-005	0.987855	
511 119
0.960947	0.0201096	282.521	
-0.014452	0.994868	0.38462	
-7.88109e-005	5.35394e-005	0.987382	
437 120
0.960947	0.0201096	287.326	
-0.014452	0.994868	0.312349	
-7.88109e-005	5.35394e-005	0.986988	
287 121
0.964766	0.0312994	288.57	
-0.0137049	0.999417	-0.0932326	
-7.51421e-005	6.61206e-005	0.986864	
446 122
0.964767	0.0312994	290.499	
-0.0137049	0.999417	-0.120643	
-7.51421e-005	6.61206e-005	0.986714	
432 123
0.964491	0.0258659	294.614	
-0.0138108	0.999364	-0.161383	
-7.57977e-005	6.6494e-005	0.986392	
306 124
0.954887	0.0224049	300.909	
-0.0161534	0.9967	0.22518	
-8.91513e-005	6.77939e-005	0.985839	
328 125
0.954887	0.0224049	304.729	
-0.0161534	0.9967	0.16057	
-8.91513e-005	6.77939e-005	0.985482	
228 126
0.958635	0.0344995	304.417	
-0.0144008	1.00162	-0.197746	
-8.91956e-005	8.66998e-005	0.985479	
284 127
0.958634	0.0344995	303.458	
-0.0144008	1.00162	-0.183338	
-8.91955e-005	8.66998e-005	0.985568	
311 128
0.955938	0.0356942	303.574	
-0.0153814	1.00352	-0.228645	
-9.48426e-005	9.58117e-005	0.985552	
201 129
0.955171	0.0249131	303.758	
-0.0144387	0.996539	0.185238	
-8.69323e-005	6.56041e-005	0.985563	
188 130
0.957765	0.0165245	303.875	
-0.0137029	0.998949	-1.07254	
-8.19575e-005	5.21597e-005	0.985486	
445 131
0.957765	0.0165245	303.875	
-0.0137029	0.998949	-1.07255	
-8.19575e-005	5.21597e-005	0.985486	
518 132
0.957766	0.0165245	303.875	
-0.0137029	0.998949	-1.07254	
-8.19575e-005	5.21597e-005	0.985486	
292 133
0.957766	0.0165245	303.875	
-0.0137029	0.998949	-1.07255	
-8.19575e-005	5.21597e-005	0.985486	
360 134
0.957765	0.0165245	303.875	
-0.0137029	0.998949	-1.07254	
-8.19575e-005	5.21597e-005	0.985486	
184 135
0.943861	0.0131247	304.066	
-0.0141205	0.988746	0.408233	
-9.67638e-005	3.84309e-005	0.985526	
230 136
0.941927	0.00654542	303.502	
-0.014838	0.986964	0.64829	
-0.000100586	3.58556e-005	0.985595	
254 137
0.941452	-0.00835767	303.946	
-0.0143804	0.978667	1.28728	
-9.79378e-005	1.09824e-005	0.985556	
178 138
0.935717	-0.0147381	304.237	
-0.017976	0.975253	2.50058	
-0.000104332	-3.88186e-006	0.985516	
357 139
0.935717	-0.0147381	304.237	
-0.017976	0.975253	2.50057	
-0.000104332	-3.88186e-006	0.985516	
575 140
0.935717	-0.0147381	304.237	
-0.017976	0.975253	2.50057	
-0.000104332	-3.88186e-006	0.985516	
367 141
0.935717	-0.0147381	304.237	
-0.017976	0.975253	2.50058	
-0.000104332	-3.88186e-006	0.985516	
634 142
0.935717	-0.0147381	304.237	
-0.017976	0.975253	2.50058	
-0.000104332	-3.88186e-006	0.985516	
450 143
0.935717	-0.0147381	304.237	
-0.0179759	0.975253	2.50058	
-0.000104332	-3.88186e-006	0.985516	
384 144
0.935717	-0.0147381	304.237	
-0.017976	0.975253	2.50058	
-0.000104332	-3.88186e-006	0.985516	
195 145
0.937579	-0.0174567	303.742	
-0.0181201	0.975221	2.51596	
-0.000104938	-4.12785e-006	0.985571	
311 146
0.936465	-0.0313902	304.061	
-0.0181513	0.971065	2.67953	
-0.000105202	-2.4219e-005	0.985531	
532 147
0.936465	-0.0313902	304.061	
-0.0181513	0.971065	2.67953	
-0.000105202	-2.4219e-005	0.985531	
351 148
0.936465	-0.0313902	304.061	
-0.0181513	0.971065	2.67953	
-0.000105202	-2.4219e-005	0.985531	
608 149
0.936465	-0.0313902	304.061	
-0.0181513	0.971065	2.67953	
-0.000105202	-2.4219e-005	0.985531	
431 150
0.939126	-0.0319157	303.964	
-0.0170928	0.970157	2.74105	
-0.000101416	-2.62742e-005	0.985539	
428 151
0.939126	-0.0319157	303.964	
-0.0170928	0.970157	2.74104	
-0.000101416	-2.62742e-005	0.985539	
477 152
0.939126	-0.0319157	303.964	
-0.0170928	0.970157	2.74105	
-0.000101416	-2.62742e-005	0.985539	
340 153
0.939126	-0.0319157	303.964	
-0.0170928	0.970157	2.74104	
-0.000101416	-2.62742e-005	0.985539	
366 154
0.939126	-0.0319157	303.964	
-0.0170928	0.970157	2.74104	
-0.000101416	-2.62742e-005	0.985539	
449 155
0.939126	-0.0319157	303.964	
-0.0170928	0.970157	2.74105	
-0.000101416	-2.62742e-005	0.985539	
231 156
0.934768	-0.0360651	304.002	
-0.0197699	0.966493	3.81086	
-0.000103712	-3.96986e-005	0.985487	
549 157
0.934768	-0.0360651	304.002	
-0.0197699	0.966493	3.81086	
-0.000103712	-3.96986e-005	0.985487	
605 158
0.934768	-0.0360651	304.002	
-0.0197699	0.966493	3.81085	
-0.000103712	-3.96986e-005	0.985487	
