337 0
1	-1.81684e-016	3.5257e-006	
-1.70817e-016	1	3.53258e-006	
9.27994e-019	7.0094e-019	1	
295 1
1	-8.91898e-017	1.61095e-005	
-2.11142e-016	1	1.00655e-005	
1.18528e-018	-3.5126e-019	1	
423 2
1	4.14488e-016	3.07588e-005	
1.14357e-016	1	1.55493e-005	
1.09876e-018	1.51421e-020	1	
332 3
1	2.45029e-017	3.87299e-005	
2.41843e-016	1	1.4126e-005	
2.57189e-018	5.69341e-019	1	
398 4
1	6.12842e-016	4.09478e-005	
-6.51079e-018	1	1.29643e-005	
1.17002e-018	2.88879e-019	1	
413 5
1	-2.60261e-016	4.0709e-005	
-5.18927e-016	1	2.18498e-005	
7.7021e-019	-1.34885e-018	1	
349 6
1	3.41992e-016	3.19849e-005	
-1.05829e-015	1	3.0078e-005	
-1.15383e-018	-1.31154e-018	1	
441 7
0.997974	-0.000528491	0.154241	
-0.000796865	0.997113	0.403405	
-3.81244e-006	-4.23711e-006	0.999998	
507 8
0.997974	-0.000528491	0.154238	
-0.000796865	0.997113	0.403404	
-3.81244e-006	-4.23711e-006	0.999998	
410 9
0.997974	-0.000528491	0.154236	
-0.000796865	0.997113	0.403404	
-3.81244e-006	-4.23711e-006	0.999998	
410 10
0.997974	-0.00052849	0.154256	
-0.000796865	0.997113	0.403406	
-3.81244e-006	-4.23711e-006	0.999998	
314 11
0.997974	-0.00052849	0.154233	
-0.000796865	0.997113	0.403399	
-3.81244e-006	-4.23711e-006	0.999998	
366 12
0.997974	-0.000528491	0.154227	
-0.000796865	0.997113	0.403402	
-3.81244e-006	-4.23711e-006	0.999998	
129 13
1.00129	-0.00566663	0.980782	
5.36677e-005	0.999665	0.135282	
4.11183e-006	-2.35954e-006	1	
307 14
1.00129	-0.00566663	0.980789	
5.36677e-005	0.999665	0.13529	
4.11183e-006	-2.35954e-006	1	
261 15
1.00304	-0.00579337	0.914073	
-0.000207899	1.00105	0.127523	
1.94922e-006	5.29283e-006	1	
261 16
1.01256	-0.00150675	0.39678	
0.00149324	1.01027	-0.652614	
1.56954e-005	2.79726e-005	0.999972	
216 17
1.01335	-0.000941437	1.27437	
0.00122542	1.00895	-0.570307	
1.21299e-005	2.54997e-005	0.999985	
155 18
1.01514	0.00709078	3.98223	
0.00195762	1.02338	-1.81107	
1.11588e-005	6.92343e-005	0.99993	
118 19
1.00663	0.006678	13.4848	
0.00203641	1.02505	-2.99706	
-3.49079e-007	6.77786e-005	0.999847	
131 20
1.00036	0.00841149	21.5082	
0.00127397	1.02844	-3.02199	
-1.11246e-005	9.60433e-005	0.999755	
161 21
1.00135	0.00784979	28.6196	
0.00198161	1.03001	-3.20382	
-6.19049e-006	9.72125e-005	0.999692	
189 22
0.994007	0.00829548	35.6942	
0.000568445	1.02656	-2.74443	
-1.72233e-005	9.62661e-005	0.999612	
193 23
0.992148	0.0128971	41.7389	
-0.000147816	1.03425	-3.15665	
-2.44671e-005	0.000129325	0.999412	
189 24
0.986144	0.00716487	49.6662	
-0.00111054	1.03134	-2.9353	
-3.40707e-005	0.000126615	0.999166	
138 25
0.98276	0.0093723	57.9725	
-0.00148145	1.02951	-2.80074	
-4.02998e-005	0.000138092	0.998845	
103 26
0.966729	0.00429743	67.4418	
-0.00708762	1.01832	-1.76249	
-6.80158e-005	0.000117384	0.998307	
86 27
0.976652	0.0126672	74.9076	
-0.00897149	1.03096	-2.29175	
-5.40313e-005	0.000153407	0.997825	
92 28
0.960566	0.01592	83.8575	
-0.0151775	1.03178	-1.87489	
-8.20088e-005	0.000167631	0.997152	
159 29
0.969707	0.0236193	90.011	
-0.0116924	1.04792	-3.48271	
-6.66643e-005	0.000211595	0.996417	
175 30
0.972765	0.0285979	96.5285	
-0.0107227	1.05562	-4.14964	
-6.21735e-005	0.000235462	0.995867	
148 31
0.974816	0.0339381	103.161	
-0.00997737	1.06293	-4.72845	
-5.94264e-005	0.000261338	0.995336	
165 32
0.978973	0.0365278	110.958	
-0.00908377	1.06922	-5.26253	
-5.75821e-005	0.000282088	0.994755	
139 33
0.984598	0.0367396	119.394	
-0.00883435	1.06873	-5.2439	
-4.72346e-005	0.000278878	0.994375	
161 34
0.975984	0.0392897	128.641	
-0.0116639	1.06676	-4.9936	
-6.03213e-005	0.000277488	0.993898	
173 35
0.969811	0.0435837	136.819	
-0.0127157	1.0639	-4.79306	
-7.2832e-005	0.000282779	0.993367	
183 36
0.961747	0.0400933	145.147	
-0.0156497	1.05903	-4.39657	
-8.6591e-005	0.000271393	0.992755	
150 37
0.962861	0.0352359	152.743	
-0.0155292	1.05305	-4.27889	
-8.22093e-005	0.000245763	0.992163	
154 38
0.962192	0.0278987	160.68	
-0.0156584	1.05099	-4.30274	
-8.31679e-005	0.000237578	0.991501	
139 39
0.960856	0.0233763	168.565	
-0.0158503	1.05057	-4.37583	
-8.53178e-005	0.000238156	0.990814	
178 40
0.953623	0.0195296	175.839	
-0.0190025	1.04794	-4.08087	
-9.51372e-005	0.000230495	0.990186	
172 41
0.958643	0.0265015	180.892	
-0.0186297	1.05109	-4.3676	
-8.89415e-005	0.000236589	0.989674	
182 42
0.952008	0.0188278	185.959	
-0.0202807	1.04219	-3.55854	
-9.80786e-005	0.000203969	0.989333	
176 43
0.952575	0.0238161	189.673	
-0.020215	1.04385	-3.72408	
-9.72962e-005	0.000209946	0.988936	
211 44
0.952575	0.0238161	193.483	
-0.020215	1.04385	-3.80495	
-9.72962e-005	0.000209946	0.988547	
205 45
0.947841	0.0199377	197.483	
-0.020323	1.03936	-3.77868	
-0.000103611	0.00019646	0.988132	
206 46
0.948271	0.0152975	201.276	
-0.0201714	1.03583	-3.76175	
-0.000101945	0.000179737	0.987741	
183 47
0.948271	0.0152975	205.069	
-0.0201714	1.03583	-3.84244	
-0.000101945	0.000179737	0.987333	
201 48
0.951682	0.0152776	208.567	
-0.0199451	1.03359	-3.85312	
-9.82673e-005	0.000167289	0.986982	
195 49
0.952672	0.0163241	212.375	
-0.0201327	1.03506	-3.99137	
-0.00010059	0.000174399	0.98657	
179 50
0.944431	0.0129199	216.047	
-0.0208221	1.03061	-3.8267	
-0.000111471	0.000163594	0.986176	
224 51
0.935841	0.00392059	219.645	
-0.0216198	1.02521	-3.50394	
-0.000120781	0.000148822	0.985771	
204 52
0.936293	-0.00713775	222.531	
-0.0214543	1.02189	-3.46892	
-0.000119798	0.000132259	0.985414	
240 53
0.937046	1.60643e-005	224.334	
-0.021342	1.02792	-3.8104	
-0.000120472	0.000156144	0.985137	
292 54
0.938445	0.00156094	225.277	
-0.0210852	1.03041	-3.97142	
-0.000117437	0.000162484	0.984997	
131 55
0.927243	0.00860483	224.768	
-0.0208265	1.03972	-4.26618	
-0.000134068	0.000199399	0.985011	
226 56
0.92607	0.011269	222.857	
-0.0208699	1.03881	-4.18866	
-0.00013488	0.000195671	0.985296	
255 57
0.921287	0.0238677	222.029	
-0.0215431	1.03978	-4.12054	
-0.000143769	0.000212125	0.985436	
172 58
0.921293	0.0214115	220.808	
-0.0215081	1.03702	-3.9979	
-0.000143139	0.000199228	0.985644	
104 59
0.925888	0.0184504	217.947	
-0.0212877	1.04012	-4.07252	
-0.000138319	0.00021078	0.986042	
158 60
0.924049	0.0184316	215.352	
-0.0212669	1.04095	-4.03771	
-0.000137869	0.000214421	0.986424	
82 61
0.917638	0.0511286	211.674	
-0.0230165	1.05009	-2.90072	
-0.000160684	0.000328586	0.987404	
87 62
0.939216	0.0597702	205.078	
-0.020615	1.06633	-3.11269	
-0.000135862	0.000355871	0.988236	
82 63
0.980468	0.102676	195.885	
-0.0174065	1.09545	-3.6563	
-8.5238e-005	0.000416429	0.988761	
94 64
0.987447	0.0734365	191.286	
-0.012485	1.10116	-4.78811	
-6.70602e-005	0.000373361	0.988665	
99 65
0.989069	0.0759663	184.254	
-0.00928186	1.10303	-4.02737	
-6.45258e-005	0.000379217	0.989366	
89 66
0.996201	0.00530177	180.306	
-0.00501318	1.09783	-4.49868	
-4.33285e-005	0.00025307	0.989424	
97 67
0.983592	0.0185398	176.392	
-0.00502155	1.09322	-3.23058	
-5.17048e-005	0.000267619	0.989936	
102 68
0.97353	0.0264934	172.448	
-0.00513821	1.09418	-1.02926	
-5.27627e-005	0.000274921	0.990701	
80 69
0.958791	0.0186731	169.111	
-0.00599438	1.0808	2.14396	
-6.06234e-005	0.000256311	0.991663	
96 70
0.970253	0.0202924	163.916	
-0.00370434	1.07512	4.32179	
-3.18104e-005	0.000258437	0.992353	
78 71
0.967246	0.0125648	157.64	
0.000679118	1.0626	6.25323	
-1.78829e-005	0.000224897	0.992879	
104 72
0.960491	0.00396329	151.239	
0.00198699	1.0473	9.65211	
-1.0226e-005	0.00019966	0.993598	
52 73
0.939473	0.00578727	146.198	
-0.00013561	1.02894	13.2576	
-2.64838e-005	0.00019552	0.994426	
69 74
0.929489	0.0101601	139.955	
0.000442527	1.02102	16.155	
-2.84686e-005	0.00020075	0.995188	
52 75
0.909627	-0.0125688	135.509	
0.00148918	0.994554	19.2164	
-3.51841e-005	0.000147241	0.995813	
71 76
0.888938	-0.0343273	131.731	
0.00127938	0.968539	23.7567	
-4.29077e-005	9.81985e-005	0.996448	
42 77
0.897243	-0.0248793	123.571	
0.00641733	0.964053	26.6573	
-1.18316e-005	0.000102285	0.996869	
52 78
0.885655	-0.0394045	116.858	
0.010143	0.941177	30.4134	
-9.19458e-006	6.34166e-005	0.997195	
45 79
0.86158	-0.0481117	109.799	
0.00860782	0.914576	35.6988	
-2.64932e-005	3.24495e-005	0.997593	
70 80
0.848924	-0.0472897	102.834	
0.00974649	0.898263	39.304	
-2.73886e-005	2.48542e-005	0.997914	
68 81
0.852686	-0.0382165	95.3267	
0.0138734	0.902103	40.7224	
-5.24919e-006	4.08757e-005	0.998029	
68 82
0.839895	-0.0433791	90.0215	
0.0140737	0.884011	44.1026	
-5.44896e-006	1.89561e-005	0.998137	
74 83
0.840691	-0.0308486	82.0404	
0.0169331	0.887614	45.6886	
8.09063e-006	5.32361e-005	0.998165	
75 84
0.832671	-0.0245227	74.8595	
0.0176807	0.884352	47.1234	
9.73274e-006	7.93444e-005	0.998224	
47 85
0.825672	-0.0423757	68.1256	
0.018183	0.869383	48.8674	
2.21724e-005	3.44095e-005	0.998121	
56 86
0.822302	-0.0338242	60.2499	
0.0201071	0.868305	49.8543	
2.80806e-005	5.96716e-005	0.997934	
33 87
0.827109	-0.0283309	53.2153	
0.0276836	0.880811	50.0001	
6.03132e-005	0.000128415	0.997478	
57 88
0.82524	-0.0273386	45.5108	
0.0319608	0.872647	51.2433	
8.36601e-005	0.000123971	0.99692	
41 89
0.815531	-0.0305326	38.4877	
0.0338891	0.858526	52.7122	
8.74769e-005	0.000103106	0.996385	
42 90
0.813569	0.00264005	29.2849	
0.0345006	0.84603	54.6623	
9.42328e-005	0.000106081	0.995612	
36 91
0.798167	0.00737632	23.8663	
0.0313821	0.837545	56.6273	
7.78965e-005	0.00012104	0.995396	
44 92
0.783697	-0.00731636	19.0784	
0.0293122	0.812241	59.7658	
7.29318e-005	7.46992e-005	0.995258	
37 93
0.783108	-0.0109	12.2906	
0.0338237	0.803261	60.5938	
0.000102442	3.76484e-005	0.994424	
56 94
0.778954	-0.00580749	5.85821	
0.0363558	0.80341	61.3313	
0.000106934	6.76475e-005	0.99363	
39 95
0.759966	-0.00616623	0.838108	
0.0333464	0.772467	63.6262	
8.15161e-005	-1.26935e-005	0.993052	
43 96
0.760081	0.00942967	-5.43531	
0.0365869	0.787573	63.6301	
9.11454e-005	7.05131e-005	0.992327	
33 97
0.786397	0.0706106	-17.6185	
0.0443437	0.816566	63.6411	
0.000152908	0.000186451	0.990106	
43 98
0.783423	0.0664292	-22.5859	
0.0494057	0.796775	64.9017	
0.000175135	0.000131312	0.989227	
40 99
0.783366	0.0756667	-28.7714	
0.0494577	0.800972	66.4703	
0.000185702	0.000192842	0.988191	
57 100
0.775006	0.0701661	-34.3263	
0.0494786	0.785356	67.8965	
0.00018621	0.000161925	0.987187	
51 101
0.758164	0.056582	-39.5215	
0.0474505	0.756337	70.0021	
0.000163384	9.28195e-005	0.986328	
48 102
0.735157	0.040792	-43.1318	
0.0447789	0.736971	71.2004	
0.000130929	5.47733e-005	0.985777	
52 103
0.726543	0.037089	-49.7532	
0.0449987	0.725563	72.6044	
0.00013323	2.77707e-005	0.984615	
65 104
0.72497	0.048131	-58.5507	
0.0463619	0.736621	73.2342	
0.000144233	8.14747e-005	0.982982	
37 105
0.726176	0.0482038	-67.2968	
0.0525114	0.746265	72.8377	
0.000168777	0.000125773	0.980986	
47 106
0.727524	0.0543354	-77.5889	
0.054101	0.754685	73.3471	
0.000179249	0.000175661	0.978725	
43 107
0.716174	0.0554156	-84.4837	
0.0520499	0.746857	74.8275	
0.000169402	0.000167556	0.977506	
43 108
0.716138	0.0602382	-93.1477	
0.0589333	0.73609	76.1334	
0.000203968	0.000146184	0.975395	
48 109
0.705775	0.0585579	-100.078	
0.0570307	0.724528	77.0722	
0.00018691	0.000131017	0.9738	
39 110
0.70182	0.0756633	-108.781	
0.0567426	0.740184	77.6429	
0.000186128	0.00021899	0.971837	
53 111
0.705139	0.0771798	-118.281	
0.0613212	0.743576	78.0779	
0.000213521	0.000235478	0.969324	
38 112
0.69171	0.0721745	-124.128	
0.0599375	0.724928	79.8368	
0.000199101	0.000191127	0.968178	
40 113
0.686863	0.0728081	-131.319	
0.0608136	0.719056	80.9059	
0.000204467	0.000187462	0.966434	
37 114
0.694564	0.100408	-141.485	
0.0665818	0.757777	80.8557	
0.000239977	0.000333095	0.96329	
34 115
0.688634	0.0993435	-146.662	
0.0652463	0.753231	82.914	
0.000234695	0.000336418	0.962563	
41 116
0.682799	0.128834	-152.822	
0.0624522	0.756447	84.8298	
0.000218227	0.000368946	0.961685	
29 117
0.691467	0.159275	-161.523	
0.0714853	0.786576	85.1178	
0.000263321	0.000492577	0.959038	
34 118
0.688011	0.194078	-167.412	
0.0710815	0.782256	87.0714	
0.000260969	0.000490899	0.958207	
23 119
0.679197	0.224614	-171.159	
0.067337	0.764366	90.1928	
0.000234279	0.00045212	0.958677	
28 120
0.677758	0.241504	-175.655	
0.0672971	0.785548	91.8683	
0.000235461	0.000564146	0.958454	
34 121
0.68183	0.283642	-183.281	
0.0703339	0.799317	92.2824	
0.000255309	0.000602835	0.956373	
27 122
0.654823	0.284537	-174.093	
0.0638658	0.732472	101.522	
0.000304533	0.000411579	0.963952	
22 123
0.6282	0.270423	-163.369	
0.0597387	0.647173	111.913	
0.00039383	0.000173421	0.970733	
29 124
0.662406	0.276309	-168.065	
0.119486	0.702157	100.882	
0.000632926	0.000246823	0.966515	
38 125
0.591527	0.258146	-152.71	
0.014172	0.633289	113.462	
0.000208599	0.000172005	0.973507	
41 126
0.596475	0.267123	-157.956	
0.005764	0.657643	114.816	
0.000234024	0.000242057	0.971743	
38 127
0.593711	0.268255	-161.608	
-0.00444156	0.664083	116.127	
0.000215122	0.000260653	0.970735	
50 128
0.572759	0.261151	-160.064	
-0.0324243	0.645188	119.151	
6.61344e-005	0.000244988	0.971926	
51 129
0.598853	0.263546	-167.981	
0.018278	0.676622	112.098	
0.000243766	0.000276678	0.966977	
26 130
0.598544	0.265216	-169.632	
0.0386889	0.712097	108.931	
0.000299779	0.000360497	0.965148	
25 131
0.557598	0.259804	-164.213	
0.0162828	0.626904	113.657	
0.00018954	0.000110442	0.967153	
34 132
0.617605	0.253765	-175.198	
0.162281	0.651737	97.6385	
0.000610922	6.05265e-005	0.960563	
15 133
0.549227	0.251025	-161.664	
0.122059	0.691503	96.2791	
0.000329363	0.000238054	0.968078	
39 134
0.546378	0.245053	-161.201	
0.13934	0.719668	92.793	
0.000409993	0.000269096	0.967958	
38 135
0.512066	0.233679	-154.414	
0.122071	0.683422	95.1745	
0.000324078	0.000190779	0.972305	
35 136
0.482213	0.229574	-149.372	
0.10012	0.661468	97.2533	
0.00020651	0.000176457	0.974596	
39 137
0.454413	0.223716	-144.244	
0.0790694	0.635887	100.411	
0.000125955	0.000136643	0.9763	
28 138
0.431918	0.218755	-139.506	
0.0588211	0.620651	103.647	
4.39015e-005	0.000156052	0.977369	
27 139
0.415136	0.221496	-137.107	
0.0531482	0.595953	103.697	
8.46353e-006	9.21443e-005	0.977378	
34 140
0.403287	0.225414	-135.447	
0.0402423	0.604187	105.129	
-3.89e-005	0.000160322	0.977614	
23 141
0.39979	0.240084	-138.244	
0.0426028	0.611459	103.66	
-2.63206e-005	0.000170849	0.977425	
22 142
0.374717	0.239968	-132.666	
0.0238114	0.578586	106.553	
-0.000109432	0.000111303	0.976614	
32 143
0.37115	0.236418	-133.095	
0.0204482	0.568193	107.441	
-0.000122558	8.86102e-005	0.977029	
20 144
0.36334	0.252982	-133.12	
0.009532	0.556422	109.96	
-0.00017112	6.38356e-005	0.97788	
38 145
0.356556	0.249048	-132.219	
0.00384949	0.546951	111.174	
-0.000193088	5.27026e-005	0.977807	
24 146
0.375537	0.246758	-132.271	
0.0288916	0.560825	108.345	
-0.000110651	6.14385e-005	0.977123	
47 147
0.373908	0.24471	-132.055	
0.0259027	0.564	108.89	
-0.000122894	9.07483e-005	0.977218	
17 148
0.365296	0.255433	-129.839	
0.0235842	0.57205	107.871	
-0.000145648	0.000116407	0.975877	
28 149
0.350314	0.254021	-124.576	
0.00729256	0.570565	110.737	
-0.000204927	0.000161967	0.974313	
37 150
0.348721	0.256983	-123.494	
0.0106076	0.576312	109.86	
-0.000191872	0.000181539	0.973201	
47 151
0.336002	0.251408	-119.114	
-0.00299824	0.563932	112.61	
-0.000240903	0.00018109	0.971841	
34 152
0.339678	0.263086	-120.995	
0.00477909	0.586416	110.016	
-0.000214339	0.000232506	0.971272	
45 153
0.334673	0.264885	-119.487	
0.00169126	0.590049	109.488	
-0.000231449	0.000254759	0.969831	
36 154
0.329592	0.269698	-118.111	
-0.00315143	0.604069	109.368	
-0.000252111	0.000317763	0.968686	
39 155
0.331565	0.279227	-119.196	
0.00770014	0.631096	107.07	
-0.000200393	0.000377194	0.967355	
41 156
0.326992	0.283352	-118.708	
0.00310937	0.647266	108.072	
-0.000215805	0.000462318	0.968037	
44 157
0.30711	0.27843	-113.948	
-0.00543285	0.582173	113.8	
-0.000240074	0.000294659	0.969388	
55 158
0.301892	0.27885	-112.736	
0.0181746	0.565917	115.005	
-0.000119229	0.000231879	0.969615	
52 159
0.307804	0.272392	-111.213	
0.0299364	0.551429	115.312	
-0.000109231	0.00018895	0.96916	
36 160
0.316785	0.263193	-110.401	
0.0402605	0.547129	114.124	
-0.000131275	0.000191421	0.968068	
43 161
0.316744	0.254465	-108.81	
0.0610168	0.50755	114.201	
-8.98513e-005	7.14636e-005	0.967546	
53 162
0.32145	0.256127	-111.722	
0.0865724	0.519319	109.687	
-7.18376e-006	0.000105597	0.966689	
50 163
0.323553	0.259806	-114.409	
0.1092	0.509614	105.884	
6.42027e-005	6.61263e-005	0.966056	
40 164
0.31939	0.257212	-113.827	
0.039942	0.50695	107.059	
-0.000212077	0.000102021	0.966304	
31 165
0.299908	0.249865	-109.336	
0.0458198	0.417969	113.737	
-0.000155061	-0.000141548	0.963786	
21 166
0.292726	0.259331	-110.884	
0.0661543	0.421134	112.764	
-5.39873e-005	-0.000155609	0.964257	
18 167
0.291218	0.270959	-113.517	
0.0987892	0.436261	111.096	
0.000121707	-0.000146555	0.963741	
18 168
0.295328	0.283565	-116.536	
0.0864136	0.503976	106.995	
9.90515e-005	2.90906e-005	0.963233	
21 169
0.292771	0.291546	-116.691	
0.106849	0.528591	105.737	
0.000214258	6.0985e-005	0.963554	
14 170
0.289633	0.285834	-113	
0.0923147	0.535942	108.067	
0.000157465	9.19824e-005	0.965396	
19 171
0.29497	0.290722	-113.834	
0.206919	0.531539	104.783	
0.000569651	1.43318e-005	0.968292	
35 172
0.301173	0.290772	-114.417	
0.19673	0.547223	103.106	
0.000498895	7.12134e-005	0.968815	
49 173
0.293861	0.293566	-115.245	
0.215306	0.526098	102.501	
0.000605261	-6.8158e-006	0.967107	
31 174
0.294527	0.298989	-117.979	
0.216088	0.527637	99.9669	
0.000609788	-3.78663e-006	0.962512	
48 175
0.292877	0.301997	-119.332	
0.19221	0.535064	99.8612	
0.000543767	3.11632e-005	0.958772	
38 176
0.286539	0.302399	-119.342	
0.177599	0.52415	101.086	
0.000523948	3.51485e-006	0.956743	
48 177
0.283873	0.318286	-123.466	
0.225491	0.553901	96.2628	
0.000761514	4.92811e-005	0.949816	
45 178
0.285279	0.326557	-125.867	
0.227901	0.582038	93.4306	
0.000755274	0.000139825	0.94552	
49 179
0.290316	0.319499	-124.758	
0.184771	0.583428	95.5773	
0.000550494	0.000189153	0.946044	
45 180
0.296025	0.313968	-123.605	
0.201502	0.559197	96.7244	
0.000580596	0.000110419	0.947777	
47 181
0.31115	0.312514	-125.091	
0.213793	0.605305	93.4284	
0.000556426	0.000268024	0.946813	
27 182
0.326735	0.308763	-125.93	
0.337292	0.603822	89.9641	
0.000983277	0.000200303	0.950931	
28 183
0.34765	0.296231	-126.737	
0.398237	0.634623	86.4912	
0.00114859	0.000302738	0.954102	
25 184
0.378111	0.301395	-133.422	
0.588359	0.678976	71.9662	
0.00180416	0.000355745	0.943448	
31 185
0.394011	0.304897	-138.021	
0.668196	0.7233	61.7436	
0.00206889	0.000469839	0.932593	
41 186
0.398772	0.310114	-141.309	
0.750378	0.724704	54.3485	
0.00238578	0.000424451	0.925166	
42 187
0.398048	0.316365	-143.802	
0.816736	0.719842	48.9133	
0.00267794	0.000358306	0.916393	
33 188
0.395195	0.329411	-147.267	
0.851408	0.76931	41.1321	
0.00284009	0.00048965	0.901459	
43 189
0.394491	0.341275	-150.54	
0.886001	0.799664	33.7016	
0.00299731	0.000564903	0.881436	
40 190
0.372404	0.352114	-149.705	
0.857156	0.800274	35.5906	
0.0029299	0.000570132	0.88068	
28 191
0.372005	0.374753	-154.115	
0.961645	0.853125	24.7724	
0.00341303	0.0006555	0.854243	
36 192
0.373275	0.385781	-154.512	
0.973558	0.907767	23.7724	
0.00347592	0.000830217	0.851501	
19 193
0.378184	0.398322	-155.259	
1.01315	0.954867	21.9118	
0.00365367	0.000956842	0.847959	
15 194
0.377186	0.403376	-152.841	
1.03241	0.957121	28.57	
0.00371382	0.000950832	0.872567	
18 195
0.405024	0.424309	-156.911	
1.37882	0.975353	22.2651	
0.00503479	0.000813034	0.893785	
21 196
0.425579	0.436563	-159.095	
1.58461	0.98974	19.1677	
0.00579439	0.00076662	0.905036	
28 197
0.428715	0.441666	-158.883	
1.66978	0.997322	22.4575	
0.00614468	0.000744431	0.927117	
