491 0
1	6.57925e-016	-1.38812e-005	
2.08624e-018	1	-3.60395e-006	
8.97039e-020	7.09023e-019	1	
388 1
1	1.00821e-015	-2.46045e-005	
3.00331e-016	1	4.31848e-006	
1.87289e-018	1.2448e-018	1	
421 2
1	1.01282e-015	-3.13646e-005	
2.867e-016	1	1.41397e-007	
1.56857e-018	1.69335e-018	1	
399 3
1	1.68617e-015	-1.96168e-005	
4.47088e-016	1	6.9641e-006	
2.29647e-018	2.15362e-018	1	
421 4
1	1.51031e-015	-2.10417e-005	
1.67935e-016	1	1.24469e-005	
1.50426e-018	2.25047e-018	1	
404 5
1	1.59583e-015	-2.19369e-005	
1.53795e-016	1	1.53902e-005	
1.68563e-018	2.6566e-018	1	
424 6
1	8.88918e-016	-3.68528e-006	
4.07012e-016	1	2.41862e-005	
1.46406e-018	1.92442e-018	1	
397 7
1	7.43644e-016	-2.16555e-006	
3.98224e-016	1	1.44735e-005	
1.02613e-018	1.50188e-018	1	
408 8
1	3.273e-016	1.15326e-005	
4.33749e-016	1	1.91375e-005	
1.27417e-018	4.26362e-019	1	
385 9
1	3.36386e-016	1.59012e-005	
3.5339e-016	1	3.41256e-005	
2.25936e-019	-7.78788e-020	1	
412 10
1	-4.05471e-016	9.76624e-006	
2.19456e-016	1	3.76615e-005	
-5.4728e-020	-1.34013e-018	1	
432 11
1	-1.63086e-015	4.86312e-006	
2.96011e-016	1	3.64368e-005	
-5.96112e-019	-3.74447e-018	1	
454 12
1	-1.80552e-015	-6.38043e-006	
3.41802e-016	1	3.45992e-005	
-5.94242e-019	-3.41965e-018	1	
437 13
1	-1.47345e-015	-1.05854e-005	
3.75222e-016	1	3.16956e-005	
-4.09723e-019	-2.20126e-018	1	
459 14
1	-1.93077e-015	-2.01507e-005	
2.39746e-016	1	2.85017e-005	
-1.23003e-018	-3.26178e-018	1	
416 15
1	-1.98706e-015	-2.39788e-005	
2.4372e-016	1	3.01e-005	
-1.01319e-018	-3.02468e-018	1	
411 16
1	-2.71127e-015	-3.81992e-005	
-4.73811e-017	1	1.78756e-005	
-2.96288e-018	-3.54479e-018	1	
398 17
1	-2.30524e-015	-3.75747e-005	
-4.136e-016	1	1.7154e-005	
-4.69266e-018	-3.15389e-018	1	
407 18
1	-2.29639e-015	-4.23788e-005	
-5.65565e-016	1	1.42069e-005	
-5.24103e-018	-2.98354e-018	1	
402 19
1	-2.41673e-015	-4.91605e-005	
-6.0884e-016	1	1.42834e-005	
-3.81532e-018	-3.20986e-018	1	
421 20
1	-2.75012e-015	-4.57221e-005	
-6.93587e-016	1	1.68002e-005	
-3.69846e-018	-3.9611e-018	1	
392 21
1	-2.14463e-015	-5.11113e-005	
-5.84761e-016	1	1.22397e-005	
-2.78882e-018	-4.12264e-018	1	
407 22
1	-2.59402e-015	-3.88279e-005	
-5.11101e-016	1	9.75793e-006	
-3.85184e-018	-5.11198e-018	1	
401 23
1	-3.03621e-015	-2.83233e-005	
-5.58985e-016	1	8.3898e-006	
-4.11213e-018	-4.85791e-018	1	
411 24
1	-2.28553e-015	-4.63609e-005	
-5.20778e-016	1	7.45032e-006	
-3.56232e-018	-3.93385e-018	1	
407 25
1	-2.5484e-015	-7.13391e-005	
-6.24612e-016	1	1.27711e-006	
-3.54127e-018	-4.5701e-018	1	
419 26
1	-2.58505e-015	-5.70299e-005	
-6.66677e-016	1	1.04822e-005	
-3.63229e-018	-4.47714e-018	1	
417 27
1	-1.77303e-015	-7.52669e-005	
-2.73565e-016	1	6.93717e-006	
-9.01979e-019	-3.71174e-018	1	
416 28
1	-2.12739e-015	-8.79705e-005	
-3.68341e-016	1	8.29188e-006	
-9.80325e-019	-4.75665e-018	1	
400 29
1	-1.78927e-015	-8.35498e-005	
-2.16643e-016	1	1.13259e-005	
2.89005e-019	-4.69686e-018	1	
410 30
1	-2.01198e-015	-8.08195e-005	
-1.04791e-016	1	7.20772e-006	
9.98681e-019	-4.81202e-018	1	
387 31
1	-2.86088e-015	-7.76477e-005	
-4.8595e-016	1	6.06477e-006	
-8.09766e-019	-5.45586e-018	1	
398 32
1	-4.02511e-015	-5.49584e-005	
-7.73518e-016	1	7.01431e-006	
-2.86383e-018	-6.3995e-018	1	
383 33
1	-3.94722e-015	-3.6585e-005	
-8.83418e-016	1	1.54327e-005	
-3.01232e-018	-5.84966e-018	1	
397 34
1	-4.39927e-015	-5.36083e-005	
-6.26262e-016	1	6.8647e-006	
-1.24556e-018	-7.03595e-018	1	
406 35
1	-4.03252e-015	-3.59553e-005	
-3.58556e-017	1	6.32437e-006	
2.4887e-018	-6.14855e-018	1	
402 36
1	-2.94168e-015	-3.70334e-005	
-1.40949e-016	1	1.07762e-005	
1.61378e-018	-5.40728e-018	1	
388 37
1	-2.69143e-015	-1.83223e-005	
1.22113e-016	1	1.79983e-005	
2.74745e-018	-4.70958e-018	1	
378 38
1	-3.34853e-015	-1.05275e-005	
-1.34297e-016	1	2.87048e-005	
1.76602e-018	-5.27916e-018	1	
380 39
1	-2.55417e-015	-2.69101e-007	
1.6171e-017	1	2.95488e-005	
3.62738e-018	-4.16157e-018	1	
418 40
1	-2.84083e-015	5.49913e-006	
-3.08799e-016	1	2.75839e-005	
3.21309e-018	-4.72434e-018	1	
400 41
1	-3.27408e-015	2.55944e-006	
-5.2526e-016	1	2.64307e-005	
1.39789e-018	-4.65891e-018	1	
421 42
1	-3.45536e-015	2.86775e-006	
-4.57528e-016	1	1.70869e-005	
1.25304e-018	-4.93363e-018	1	
400 43
1	-3.19119e-015	2.55607e-006	
-5.04411e-016	1	1.88636e-005	
9.47283e-019	-5.33383e-018	1	
414 44
1	-3.66103e-015	9.71991e-006	
-4.78674e-016	1	2.63144e-005	
1.32422e-018	-5.33756e-018	1	
391 45
1	-3.80212e-015	1.77871e-005	
-4.1539e-016	1	3.36833e-005	
1.72998e-018	-5.00725e-018	1	
402 46
1	-4.19823e-015	2.6534e-005	
-1.14675e-016	1	4.03063e-005	
1.51527e-018	-5.23002e-018	1	
373 47
1	-5.07862e-015	1.74124e-005	
-2.84354e-016	1	3.21489e-005	
1.62645e-020	-5.84186e-018	1	
422 48
1	-4.74652e-015	2.23271e-005	
-4.57812e-016	1	2.60209e-005	
4.63966e-019	-5.60179e-018	1	
398 49
1	-5.11817e-015	1.24184e-005	
-5.80818e-016	1	2.52039e-005	
6.21483e-019	-5.60346e-018	1	
440 50
1	-5.19585e-015	1.39674e-005	
-3.23623e-016	1	3.30945e-005	
1.3789e-018	-4.34617e-018	1	
432 51
1	-5.44177e-015	1.13187e-005	
-4.34462e-016	1	3.62469e-005	
3.64594e-019	-3.5544e-018	1	
176 52
0.996799	-0.00119756	0.313321	
-3.60553e-005	0.996414	0.091026	
-4.2898e-006	-7.74158e-006	0.999998	
314 53
0.996799	-0.00119756	0.313316	
-3.60553e-005	0.996414	0.0910155	
-4.2898e-006	-7.74158e-006	0.999998	
372 54
0.996799	-0.00119756	0.313321	
-3.60553e-005	0.996414	0.0910122	
-4.2898e-006	-7.74158e-006	0.999998	
329 55
0.996799	-0.00119756	0.313318	
-3.60553e-005	0.996414	0.0910016	
-4.2898e-006	-7.74158e-006	0.999998	
375 56
0.996799	-0.00119756	0.31332	
-3.60553e-005	0.996414	0.0909993	
-4.2898e-006	-7.74158e-006	0.999998	
389 57
0.996799	-0.00119756	0.31331	
-3.60553e-005	0.996414	0.0909965	
-4.2898e-006	-7.74158e-006	0.999998	
444 58
0.996799	-0.00119756	0.313309	
-3.60553e-005	0.996414	0.0910049	
-4.2898e-006	-7.74158e-006	0.999998	
401 59
0.996799	-0.00119756	0.313319	
-3.60553e-005	0.996414	0.0910047	
-4.2898e-006	-7.74158e-006	0.999998	
409 60
0.996799	-0.00119756	0.313314	
-3.60553e-005	0.996414	0.0909987	
-4.2898e-006	-7.74158e-006	0.999998	
402 61
0.996799	-0.00119756	0.313316	
-3.60553e-005	0.996414	0.091007	
-4.2898e-006	-7.74158e-006	0.999998	
410 62
0.996799	-0.00119756	0.313327	
-3.60553e-005	0.996414	0.0910079	
-4.2898e-006	-7.74158e-006	0.999998	
363 63
0.996799	-0.00119756	0.313325	
-3.60553e-005	0.996414	0.0910094	
-4.2898e-006	-7.74158e-006	0.999998	
395 64
0.996799	-0.00119756	0.313317	
-3.60553e-005	0.996414	0.0910104	
-4.2898e-006	-7.74158e-006	0.999998	
410 65
0.996799	-0.00119756	0.313318	
-3.60553e-005	0.996414	0.0910102	
-4.2898e-006	-7.74158e-006	0.999998	
424 66
0.996799	-0.00119756	0.313331	
-3.60553e-005	0.996414	0.0910187	
-4.2898e-006	-7.74158e-006	0.999998	
421 67
0.996799	-0.00119756	0.313329	
-3.60553e-005	0.996414	0.0910193	
-4.2898e-006	-7.74158e-006	0.999998	
453 68
0.996799	-0.00119756	0.313345	
-3.60553e-005	0.996414	0.0910202	
-4.2898e-006	-7.74158e-006	0.999998	
408 69
0.996799	-0.00119756	0.313328	
-3.60553e-005	0.996414	0.0910174	
-4.2898e-006	-7.74158e-006	0.999998	
409 70
0.996799	-0.00119756	0.313328	
-3.60553e-005	0.996414	0.0910235	
-4.2898e-006	-7.74158e-006	0.999998	
350 71
0.996799	-0.00119756	0.313332	
-3.60553e-005	0.996414	0.0910207	
-4.2898e-006	-7.74158e-006	0.999998	
400 72
0.996799	-0.00119756	0.313337	
-3.60553e-005	0.996414	0.0910183	
-4.2898e-006	-7.74158e-006	0.999998	
237 73
0.996799	-0.00119756	0.313344	
-3.60553e-005	0.996414	0.0910187	
-4.2898e-006	-7.74158e-006	0.999998	
403 74
0.996799	-0.00119756	0.313337	
-3.60553e-005	0.996414	0.0910134	
-4.2898e-006	-7.74158e-006	0.999998	
425 75
0.996799	-0.00119756	0.31334	
-3.60553e-005	0.996414	0.0910046	
-4.2898e-006	-7.74158e-006	0.999998	
416 76
0.996799	-0.00119756	0.313347	
-3.60553e-005	0.996414	0.0910004	
-4.2898e-006	-7.74158e-006	0.999998	
372 77
0.996799	-0.00119756	0.313333	
-3.60553e-005	0.996414	0.0910044	
-4.2898e-006	-7.74158e-006	0.999998	
422 78
0.996799	-0.00119756	0.313345	
-3.60553e-005	0.996414	0.0910027	
-4.2898e-006	-7.74158e-006	0.999998	
388 79
0.996799	-0.00119756	0.313347	
-3.60553e-005	0.996414	0.0910031	
-4.2898e-006	-7.74158e-006	0.999998	
393 80
0.996799	-0.00119756	0.313327	
-3.60553e-005	0.996414	0.0910065	
-4.2898e-006	-7.74158e-006	0.999998	
369 81
0.996799	-0.00119756	0.313343	
-3.60553e-005	0.996414	0.0910127	
-4.2898e-006	-7.74158e-006	0.999998	
397 82
0.996799	-0.00119756	0.313346	
-3.60553e-005	0.996414	0.0910049	
-4.2898e-006	-7.74158e-006	0.999998	
365 83
0.996799	-0.00119756	0.313344	
-3.60553e-005	0.996414	0.0910041	
-4.2898e-006	-7.74158e-006	0.999998	
419 84
0.996799	-0.00119756	0.313358	
-3.60553e-005	0.996414	0.0910057	
-4.2898e-006	-7.74158e-006	0.999998	
397 85
0.996799	-0.00119756	0.313378	
-3.60553e-005	0.996414	0.0910041	
-4.2898e-006	-7.74158e-006	0.999998	
416 86
0.996799	-0.00119756	0.313392	
-3.60553e-005	0.996414	0.0910143	
-4.2898e-006	-7.74158e-006	0.999998	
411 87
0.996799	-0.00119756	0.313389	
-3.60553e-005	0.996414	0.0910102	
-4.2898e-006	-7.74158e-006	0.999998	
429 88
0.996799	-0.00119756	0.313382	
-3.60553e-005	0.996414	0.0910117	
-4.2898e-006	-7.74158e-006	0.999998	
396 89
0.996799	-0.00119756	0.31338	
-3.60553e-005	0.996414	0.091003	
-4.2898e-006	-7.74158e-006	0.999998	
417 90
0.996799	-0.00119756	0.313382	
-3.60553e-005	0.996414	0.0909991	
-4.2898e-006	-7.74158e-006	0.999998	
416 91
0.996799	-0.00119756	0.313386	
-3.60553e-005	0.996414	0.0910001	
-4.2898e-006	-7.74158e-006	0.999998	
442 92
0.996799	-0.00119756	0.313371	
-3.60553e-005	0.996414	0.0909971	
-4.2898e-006	-7.74158e-006	0.999998	
489 93
0.996799	-0.00119756	0.313373	
-3.60553e-005	0.996414	0.0909947	
-4.2898e-006	-7.74158e-006	0.999998	
466 94
0.996799	-0.00119756	0.31336	
-3.60553e-005	0.996414	0.0909978	
-4.2898e-006	-7.74158e-006	0.999998	
434 95
0.996799	-0.00119756	0.313345	
-3.60553e-005	0.996414	0.0909909	
-4.2898e-006	-7.74158e-006	0.999998	
438 96
0.996799	-0.00119756	0.313346	
-3.60553e-005	0.996414	0.0909913	
-4.2898e-006	-7.74158e-006	0.999998	
466 97
0.996799	-0.00119756	0.313339	
-3.60553e-005	0.996414	0.0909885	
-4.2898e-006	-7.74158e-006	0.999998	
483 98
0.996799	-0.00119756	0.313337	
-3.60553e-005	0.996414	0.0909917	
-4.2898e-006	-7.74158e-006	0.999998	
461 99
0.996799	-0.00119756	0.313351	
-3.60553e-005	0.996414	0.0909933	
-4.2898e-006	-7.74158e-006	0.999998	
505 100
0.996799	-0.00119756	0.31336	
-3.60553e-005	0.996414	0.090995	
-4.2898e-006	-7.74158e-006	0.999998	
470 101
0.996799	-0.00119756	0.313359	
-3.60553e-005	0.996414	0.0909924	
-4.2898e-006	-7.74158e-006	0.999998	
449 102
0.996799	-0.00119756	0.313348	
-3.60553e-005	0.996414	0.0909883	
-4.2898e-006	-7.74158e-006	0.999998	
405 103
0.996799	-0.00119756	0.313349	
-3.60553e-005	0.996414	0.0909892	
-4.2898e-006	-7.74158e-006	0.999998	
432 104
0.996799	-0.00119756	0.31334	
-3.60553e-005	0.996414	0.0909799	
-4.2898e-006	-7.74158e-006	0.999998	
425 105
0.996799	-0.00119756	0.313354	
-3.60553e-005	0.996414	0.090982	
-4.2898e-006	-7.74158e-006	0.999998	
414 106
0.996799	-0.00119756	0.313357	
-3.60553e-005	0.996414	0.0909857	
-4.2898e-006	-7.74158e-006	0.999998	
394 107
0.996799	-0.00119756	0.313361	
-3.60553e-005	0.996414	0.0909892	
-4.2898e-006	-7.74158e-006	0.999998	
399 108
0.996799	-0.00119756	0.313348	
-3.60553e-005	0.996414	0.0909857	
-4.2898e-006	-7.74158e-006	0.999998	
310 109
0.996799	-0.00119756	0.313338	
-3.60553e-005	0.996414	0.0909874	
-4.2898e-006	-7.74158e-006	0.999998	
426 110
0.996799	-0.00119756	0.313349	
-3.60553e-005	0.996414	0.0909907	
-4.2898e-006	-7.74158e-006	0.999998	
417 111
0.996799	-0.00119756	0.313345	
-3.60553e-005	0.996414	0.090999	
-4.2898e-006	-7.74158e-006	0.999998	
173 112
0.996799	-0.00119756	0.313356	
-3.60553e-005	0.996414	0.0910025	
-4.2898e-006	-7.74158e-006	0.999998	
358 113
0.996799	-0.00119756	0.313348	
-3.60553e-005	0.996414	0.0909952	
-4.2898e-006	-7.74158e-006	0.999998	
402 114
0.996799	-0.00119756	0.313339	
-3.60553e-005	0.996414	0.0909916	
-4.2898e-006	-7.74158e-006	0.999998	
380 115
0.996799	-0.00119756	0.313328	
-3.60553e-005	0.996414	0.0909912	
-4.2898e-006	-7.74158e-006	0.999998	
420 116
0.996799	-0.00119756	0.31333	
-3.60553e-005	0.996414	0.0909865	
-4.2898e-006	-7.74158e-006	0.999998	
424 117
0.996799	-0.00119756	0.31333	
-3.60553e-005	0.996414	0.0909889	
-4.2898e-006	-7.74158e-006	0.999998	
448 118
0.996799	-0.00119756	0.313317	
-3.60553e-005	0.996414	0.0909875	
-4.2898e-006	-7.74158e-006	0.999998	
430 119
0.996799	-0.00119756	0.313318	
-3.60553e-005	0.996414	0.0909856	
-4.2898e-006	-7.74158e-006	0.999998	
438 120
0.996799	-0.00119756	0.313316	
-3.60553e-005	0.996414	0.0909872	
-4.2898e-006	-7.74158e-006	0.999998	
434 121
0.996799	-0.00119756	0.313316	
-3.60553e-005	0.996414	0.0909855	
-4.2898e-006	-7.74158e-006	0.999998	
432 122
0.996799	-0.00119756	0.313305	
-3.60553e-005	0.996414	0.0909892	
-4.2898e-006	-7.74158e-006	0.999998	
395 123
0.996799	-0.00119756	0.313313	
-3.60553e-005	0.996414	0.0909855	
-4.2898e-006	-7.74158e-006	0.999998	
444 124
0.996799	-0.00119756	0.313314	
-3.60553e-005	0.996414	0.09098	
-4.2898e-006	-7.74158e-006	0.999998	
416 125
0.996799	-0.00119756	0.313328	
-3.60553e-005	0.996414	0.0909914	
-4.2898e-006	-7.74158e-006	0.999998	
441 126
0.996799	-0.00119756	0.313331	
-3.60553e-005	0.996414	0.0909994	
-4.2898e-006	-7.74158e-006	0.999998	
397 127
0.996799	-0.00119756	0.313335	
-3.60553e-005	0.996414	0.090994	
-4.2898e-006	-7.74158e-006	0.999998	
414 128
0.996799	-0.00119756	0.313331	
-3.60553e-005	0.996414	0.0909967	
-4.2898e-006	-7.74158e-006	0.999998	
402 129
0.996799	-0.00119756	0.31332	
-3.60553e-005	0.996414	0.0909935	
-4.2898e-006	-7.74158e-006	0.999998	
420 130
0.996799	-0.00119756	0.313324	
-3.60553e-005	0.996414	0.0909984	
-4.2898e-006	-7.74158e-006	0.999998	
397 131
0.996799	-0.00119756	0.313319	
-3.60553e-005	0.996414	0.0909886	
-4.2898e-006	-7.74158e-006	0.999998	
453 132
0.996799	-0.00119756	0.313315	
-3.60553e-005	0.996414	0.0909929	
-4.2898e-006	-7.74158e-006	0.999998	
409 133
0.996799	-0.00119756	0.313306	
-3.60553e-005	0.996414	0.0909951	
-4.2898e-006	-7.74158e-006	0.999998	
440 134
0.996799	-0.00119756	0.313298	
-3.60553e-005	0.996414	0.0909889	
-4.2898e-006	-7.74158e-006	0.999998	
445 135
0.996799	-0.00119756	0.313305	
-3.60553e-005	0.996414	0.0909952	
-4.2898e-006	-7.74158e-006	0.999998	
469 136
0.996799	-0.00119756	0.313295	
-3.60553e-005	0.996414	0.0909988	
-4.2898e-006	-7.74158e-006	0.999998	
453 137
0.996799	-0.00119756	0.313305	
-3.60553e-005	0.996414	0.0909958	
-4.2898e-006	-7.74158e-006	0.999998	
469 138
0.996799	-0.00119756	0.313312	
-3.60553e-005	0.996414	0.0909927	
-4.2898e-006	-7.74158e-006	0.999998	
450 139
0.996799	-0.00119756	0.313303	
-3.60553e-005	0.996414	0.0909944	
-4.2898e-006	-7.74158e-006	0.999998	
474 140
0.996799	-0.00119756	0.313306	
-3.60553e-005	0.996414	0.0910001	
-4.2898e-006	-7.74158e-006	0.999998	
441 141
0.996799	-0.00119756	0.313304	
-3.60553e-005	0.996414	0.0910041	
-4.2898e-006	-7.74158e-006	0.999998	
454 142
0.996799	-0.00119756	0.313316	
-3.60553e-005	0.996414	0.0910078	
-4.2898e-006	-7.74158e-006	0.999998	
443 143
0.996799	-0.00119756	0.313318	
-3.60553e-005	0.996414	0.090999	
-4.2898e-006	-7.74158e-006	0.999998	
461 144
0.996799	-0.00119756	0.313317	
-3.60553e-005	0.996414	0.0909915	
-4.2898e-006	-7.74158e-006	0.999998	
419 145
0.996799	-0.00119756	0.313301	
-3.60553e-005	0.996414	0.0909949	
-4.2898e-006	-7.74158e-006	0.999998	
438 146
0.996799	-0.00119756	0.313288	
-3.60553e-005	0.996414	0.0909962	
-4.2898e-006	-7.74158e-006	0.999998	
430 147
0.9968	-0.00119756	0.313274	
-3.60553e-005	0.996414	0.0909936	
-4.2898e-006	-7.74158e-006	0.999998	
333 148
0.9968	-0.00119756	0.313265	
-3.60553e-005	0.996414	0.0909972	
-4.2898e-006	-7.74158e-006	0.999998	
469 149
0.9968	-0.00119756	0.313262	
-3.60553e-005	0.996414	0.091003	
-4.2898e-006	-7.74158e-006	0.999998	
447 150
0.996799	-0.00119756	0.313266	
-3.60553e-005	0.996414	0.0910085	
-4.2898e-006	-7.74158e-006	0.999998	
436 151
0.996799	-0.00119756	0.31326	
-3.60553e-005	0.996414	0.0910058	
-4.2898e-006	-7.74158e-006	0.999998	
417 152
0.996799	-0.00119756	0.31327	
-3.60553e-005	0.996414	0.0910051	
-4.2898e-006	-7.74158e-006	0.999998	
436 153
0.9968	-0.00119756	0.313263	
-3.60553e-005	0.996414	0.0909933	
-4.2898e-006	-7.74158e-006	0.999998	
436 154
0.996799	-0.00119756	0.313283	
-3.60553e-005	0.996414	0.0910043	
-4.2898e-006	-7.74158e-006	0.999998	
460 155
0.996799	-0.00119756	0.313271	
-3.60553e-005	0.996414	0.091009	
-4.2898e-006	-7.74158e-006	0.999998	
455 156
0.996799	-0.00119756	0.313249	
-3.60553e-005	0.996414	0.0910067	
-4.2898e-006	-7.74158e-006	0.999998	
464 157
0.996799	-0.00119756	0.313232	
-3.60553e-005	0.996414	0.0909998	
-4.2898e-006	-7.74158e-006	0.999998	
427 158
0.996799	-0.00119756	0.313218	
-3.60553e-005	0.996414	0.0909896	
-4.2898e-006	-7.74158e-006	0.999998	
480 159
0.996799	-0.00119756	0.313218	
-3.60553e-005	0.996414	0.0909977	
-4.2898e-006	-7.74158e-006	0.999998	
434 160
0.996799	-0.00119756	0.313219	
-3.60553e-005	0.996414	0.0910091	
-4.2898e-006	-7.74158e-006	0.999998	
448 161
0.996799	-0.00119756	0.313221	
-3.60553e-005	0.996414	0.0910082	
-4.2898e-006	-7.74158e-006	0.999998	
419 162
0.996799	-0.00119756	0.31322	
-3.60553e-005	0.996414	0.0910091	
-4.2898e-006	-7.74158e-006	0.999998	
447 163
0.996799	-0.00119756	0.313215	
-3.60553e-005	0.996414	0.0910165	
-4.2898e-006	-7.74158e-006	0.999998	
439 164
0.996799	-0.00119756	0.313225	
-3.60553e-005	0.996414	0.0910158	
-4.2898e-006	-7.74158e-006	0.999998	
452 165
0.996799	-0.00119756	0.31324	
-3.60553e-005	0.996414	0.091017	
-4.2898e-006	-7.74158e-006	0.999998	
454 166
0.996799	-0.00119756	0.313243	
-3.60553e-005	0.996414	0.0910201	
-4.2898e-006	-7.74158e-006	0.999998	
494 167
0.996799	-0.00119756	0.313227	
-3.60553e-005	0.996414	0.0910121	
-4.2898e-006	-7.74158e-006	0.999998	
477 168
0.996799	-0.00119756	0.313228	
-3.60553e-005	0.996414	0.0910069	
-4.2898e-006	-7.74158e-006	0.999998	
494 169
0.996799	-0.00119756	0.313216	
-3.60553e-005	0.996414	0.0910049	
-4.2898e-006	-7.74158e-006	0.999998	
493 170
0.996799	-0.00119756	0.313221	
-3.60553e-005	0.996414	0.0910125	
-4.2898e-006	-7.74158e-006	0.999998	
501 171
0.996799	-0.00119756	0.313212	
-3.60553e-005	0.996414	0.0910077	
-4.2898e-006	-7.74158e-006	0.999998	
208 172
0.996296	0.000145864	0.327972	
-0.00023539	0.997054	0.10258	
-5.42838e-006	-4.30968e-006	0.999998	
402 173
0.996296	0.000145864	0.327966	
-0.00023539	0.997054	0.10257	
-5.42838e-006	-4.30968e-006	0.999998	
372 174
0.996296	0.000145864	0.327951	
-0.00023539	0.997054	0.102564	
-5.42838e-006	-4.30968e-006	0.999998	
461 175
0.996296	0.000145864	0.327966	
-0.00023539	0.997054	0.102566	
-5.42838e-006	-4.30968e-006	0.999998	
405 176
0.996296	0.000145864	0.327963	
-0.00023539	0.997054	0.102563	
-5.42838e-006	-4.30968e-006	0.999998	
440 177
0.996296	0.000145864	0.327968	
-0.00023539	0.997054	0.102576	
-5.42838e-006	-4.30968e-006	0.999998	
393 178
0.996296	0.000145864	0.327964	
-0.00023539	0.997054	0.102577	
-5.42838e-006	-4.30968e-006	0.999998	
393 179
0.996296	0.000145864	0.32797	
-0.00023539	0.997054	0.102584	
-5.42838e-006	-4.30968e-006	0.999998	
398 180
0.996296	0.000145864	0.327971	
-0.00023539	0.997054	0.10258	
-5.42838e-006	-4.30968e-006	0.999998	
451 181
0.996296	0.000145864	0.327983	
-0.00023539	0.997054	0.102579	
-5.42838e-006	-4.30968e-006	0.999998	
431 182
0.996296	0.000145864	0.327982	
-0.00023539	0.997054	0.102584	
-5.42838e-006	-4.30968e-006	0.999998	
454 183
0.996296	0.000145864	0.327985	
-0.00023539	0.997054	0.102577	
-5.42838e-006	-4.30968e-006	0.999998	
359 184
0.996296	0.000145864	0.327979	
-0.00023539	0.997054	0.102573	
-5.42838e-006	-4.30968e-006	0.999998	
478 185
0.996296	0.000145864	0.327981	
-0.00023539	0.997054	0.102575	
-5.42838e-006	-4.30968e-006	0.999998	
435 186
0.996296	0.000145864	0.327973	
-0.00023539	0.997054	0.102566	
-5.42838e-006	-4.30968e-006	0.999998	
469 187
0.996296	0.000145864	0.327981	
-0.00023539	0.997054	0.102568	
-5.42838e-006	-4.30968e-006	0.999998	
477 188
0.996296	0.000145864	0.327988	
-0.00023539	0.997054	0.102567	
-5.42838e-006	-4.30968e-006	0.999998	
481 189
0.996296	0.000145864	0.327992	
-0.00023539	0.997054	0.102568	
-5.42838e-006	-4.30968e-006	0.999998	
442 190
0.996295	0.000145864	0.328004	
-0.00023539	0.997053	0.10258	
-5.42838e-006	-4.30968e-006	0.999998	
471 191
0.996296	0.000145864	0.328006	
-0.00023539	0.997053	0.102585	
-5.42838e-006	-4.30968e-006	0.999998	
426 192
0.996296	0.000145864	0.328022	
-0.00023539	0.997053	0.102587	
-5.42838e-006	-4.30968e-006	0.999998	
489 193
0.996295	0.000145864	0.328027	
-0.00023539	0.997053	0.102592	
-5.42838e-006	-4.30968e-006	0.999998	
460 194
0.996296	0.000145864	0.328018	
-0.00023539	0.997054	0.102585	
-5.42838e-006	-4.30968e-006	0.999998	
490 195
0.996295	0.000145864	0.328023	
-0.00023539	0.997053	0.10259	
-5.42838e-006	-4.30968e-006	0.999998	
468 196
0.996296	0.000145864	0.328022	
-0.00023539	0.997053	0.102585	
-5.42838e-006	-4.30968e-006	0.999998	
531 197
0.996295	0.000145864	0.32802	
-0.00023539	0.997053	0.10258	
-5.42838e-006	-4.30968e-006	0.999998	
502 198
0.996295	0.000145864	0.328036	
-0.00023539	0.997053	0.102581	
-5.42838e-006	-4.30968e-006	0.999998	
562 199
0.996295	0.000145864	0.328033	
-0.00023539	0.997053	0.102579	
-5.42838e-006	-4.30968e-006	0.999998	
502 200
0.996295	0.000145864	0.328046	
-0.00023539	0.997053	0.102584	
-5.42838e-006	-4.30968e-006	0.999998	
524 201
0.996295	0.000145864	0.328051	
-0.00023539	0.997053	0.102591	
-5.42838e-006	-4.30968e-006	0.999998	
506 202
0.996295	0.000145864	0.328055	
-0.00023539	0.997053	0.102592	
-5.42838e-006	-4.30968e-006	0.999998	
537 203
0.996295	0.000145864	0.328061	
-0.00023539	0.997053	0.102602	
-5.42838e-006	-4.30968e-006	0.999998	
499 204
0.996295	0.000145864	0.328071	
-0.00023539	0.997053	0.102615	
-5.42838e-006	-4.30968e-006	0.999998	
508 205
0.996295	0.000145864	0.328087	
-0.00023539	0.997053	0.102628	
-5.42838e-006	-4.30968e-006	0.999998	
504 206
0.996295	0.000145864	0.328099	
-0.000235389	0.997053	0.102634	
-5.42838e-006	-4.30968e-006	0.999998	
507 207
0.996295	0.000145864	0.328099	
-0.000235389	0.997053	0.102637	
-5.42838e-006	-4.30968e-006	0.999998	
507 208
0.996295	0.000145864	0.328097	
-0.00023539	0.997053	0.102635	
-5.42838e-006	-4.30968e-006	0.999998	
519 209
0.996295	0.000145864	0.328098	
-0.00023539	0.997053	0.102635	
-5.42838e-006	-4.30968e-006	0.999998	
491 210
0.996295	0.000145864	0.328102	
-0.00023539	0.997053	0.102637	
-5.42838e-006	-4.30968e-006	0.999998	
497 211
0.996295	0.000145864	0.328106	
-0.00023539	0.997053	0.102642	
-5.42838e-006	-4.30968e-006	0.999998	
458 212
0.996295	0.000145864	0.328088	
-0.00023539	0.997053	0.10264	
-5.42838e-006	-4.30968e-006	0.999998	
511 213
0.996295	0.000145864	0.328084	
-0.00023539	0.997053	0.102633	
-5.42838e-006	-4.30968e-006	0.999998	
500 214
0.996295	0.000145864	0.328073	
-0.00023539	0.997053	0.102627	
-5.42838e-006	-4.30968e-006	0.999998	
536 215
0.996295	0.000145864	0.328082	
-0.00023539	0.997053	0.102628	
-5.42838e-006	-4.30968e-006	0.999998	
509 216
0.996295	0.000145864	0.328082	
-0.00023539	0.997053	0.102621	
-5.42838e-006	-4.30968e-006	0.999998	
511 217
0.996295	0.000145864	0.328081	
-0.00023539	0.997053	0.102621	
-5.42838e-006	-4.30968e-006	0.999998	
505 218
0.998028	-0.00139952	0.156126	
0.000233919	0.996974	0.00457282	
-2.07434e-006	-8.82178e-006	0.999999	
497 219
0.998028	-0.00139952	0.156123	
0.000233919	0.996974	0.00457111	
-2.07434e-006	-8.82178e-006	0.999999	
487 220
0.998028	-0.00139952	0.156127	
0.000233919	0.996974	0.00457799	
-2.07434e-006	-8.82178e-006	0.999999	
487 221
0.998028	-0.00139952	0.156129	
0.000233919	0.996974	0.0045657	
-2.07434e-006	-8.82178e-006	0.999999	
483 222
0.998028	-0.00139952	0.156133	
0.000233919	0.996974	0.00456447	
-2.07434e-006	-8.82178e-006	0.999999	
349 223
0.999345	-0.00464758	0.107685	
0.000533871	0.995752	-0.0249972	
8.64904e-007	-1.70794e-005	1	
520 224
0.999345	-0.00464758	0.107701	
0.000533871	0.995752	-0.0249845	
8.64904e-007	-1.70794e-005	1	
512 225
0.999345	-0.00464758	0.107701	
0.000533871	0.995752	-0.0249911	
8.64904e-007	-1.70794e-005	1	
498 226
0.999345	-0.00464758	0.107688	
0.000533871	0.995752	-0.024998	
8.64904e-007	-1.70794e-005	1	
502 227
0.999345	-0.00464758	0.107688	
0.000533871	0.995752	-0.0249873	
8.64904e-007	-1.70794e-005	1	
507 228
0.999345	-0.00464758	0.107682	
0.000533871	0.995752	-0.0249824	
8.64904e-007	-1.70794e-005	1	
511 229
0.999345	-0.00464758	0.107675	
0.000533871	0.995752	-0.0249912	
8.64904e-007	-1.70794e-005	1	
537 230
0.999345	-0.00464758	0.107666	
0.000533871	0.995752	-0.0249928	
8.64904e-007	-1.70794e-005	1	
538 231
0.999345	-0.00464758	0.107659	
0.000533871	0.995752	-0.0250002	
8.64904e-007	-1.70794e-005	1	
215 232
0.999345	-0.00464758	0.107674	
0.00053387	0.995752	-0.0249982	
8.64904e-007	-1.70794e-005	1	
458 233
0.999345	-0.00464758	0.107682	
0.00053387	0.995752	-0.0249945	
8.64904e-007	-1.70794e-005	1	
508 234
0.999345	-0.00464758	0.107685	
0.00053387	0.995752	-0.0249821	
8.64904e-007	-1.70794e-005	1	
339 235
0.999345	-0.00464758	0.107684	
0.00053387	0.995752	-0.0249864	
8.64904e-007	-1.70794e-005	1	
455 236
0.999345	-0.00464758	0.107665	
0.000533871	0.995752	-0.0249934	
8.64904e-007	-1.70794e-005	1	
418 237
0.999345	-0.00464758	0.107667	
0.00053387	0.995752	-0.0249947	
8.64904e-007	-1.70794e-005	1	
454 238
0.999345	-0.00464758	0.107665	
0.00053387	0.995752	-0.0250057	
8.64904e-007	-1.70794e-005	1	
422 239
0.999345	-0.00464758	0.107666	
0.00053387	0.995752	-0.0250087	
8.64904e-007	-1.70794e-005	1	
467 240
0.999345	-0.00464758	0.107667	
0.00053387	0.995752	-0.0250077	
8.64904e-007	-1.70794e-005	1	
446 241
0.999345	-0.00464758	0.107646	
0.00053387	0.995752	-0.0250194	
8.64904e-007	-1.70794e-005	1	
474 242
0.999345	-0.00464758	0.107653	
0.00053387	0.995752	-0.0250217	
8.64904e-007	-1.70794e-005	1	
461 243
0.999345	-0.00464758	0.107663	
0.00053387	0.995752	-0.0250258	
8.64904e-007	-1.70794e-005	1	
509 244
0.999345	-0.00464758	0.107668	
0.00053387	0.995752	-0.0250195	
8.64904e-007	-1.70794e-005	1	
507 245
0.999345	-0.00464758	0.107662	
0.00053387	0.995752	-0.0250307	
8.64904e-007	-1.70794e-005	1	
533 246
0.999345	-0.00464758	0.107671	
0.00053387	0.995752	-0.0250221	
8.64904e-007	-1.70794e-005	1	
497 247
0.999345	-0.00464758	0.107679	
0.00053387	0.995752	-0.02502	
8.64904e-007	-1.70794e-005	1	
529 248
0.999345	-0.00464758	0.107672	
0.00053387	0.995752	-0.0250255	
8.64904e-007	-1.70794e-005	1	
499 249
0.999345	-0.00464758	0.107662	
0.00053387	0.995752	-0.0250278	
8.64904e-007	-1.70794e-005	1	
503 250
0.999345	-0.00464758	0.107672	
0.00053387	0.995752	-0.0250157	
8.64904e-007	-1.70794e-005	1	
491 251
0.999345	-0.00464758	0.107687	
0.00053387	0.995752	-0.0250043	
8.64904e-007	-1.70794e-005	1	
531 252
0.999345	-0.00464758	0.107699	
0.00053387	0.995752	-0.0249976	
8.64904e-007	-1.70794e-005	1	
557 253
0.999345	-0.00464758	0.10771	
0.00053387	0.995752	-0.0249841	
8.64904e-007	-1.70794e-005	1	
550 254
0.999345	-0.00464758	0.107702	
0.00053387	0.995752	-0.0249885	
8.64904e-007	-1.70794e-005	1	
506 255
0.999345	-0.00464758	0.107699	
0.00053387	0.995752	-0.0249896	
8.64904e-007	-1.70794e-005	1	
534 256
0.999345	-0.00464758	0.10768	
0.000533871	0.995752	-0.0250026	
8.64904e-007	-1.70794e-005	1	
523 257
0.999345	-0.00464758	0.107696	
0.000533871	0.995752	-0.0249944	
8.64904e-007	-1.70794e-005	1	
455 258
0.999345	-0.00464758	0.107689	
0.00053387	0.995752	-0.0250025	
8.64904e-007	-1.70794e-005	1	
447 259
0.999345	-0.00464758	0.107678	
0.000533871	0.995752	-0.0250089	
8.64904e-007	-1.70794e-005	1	
482 260
0.999345	-0.00464758	0.107667	
0.00053387	0.995752	-0.0250205	
8.64904e-007	-1.70794e-005	1	
452 261
0.999345	-0.00464758	0.107676	
0.000533871	0.995752	-0.0250134	
8.64904e-007	-1.70794e-005	1	
463 262
0.999345	-0.00464758	0.107676	
0.00053387	0.995752	-0.0250242	
8.64904e-007	-1.70794e-005	1	
469 263
0.999345	-0.00464758	0.107672	
0.000533871	0.995752	-0.025032	
8.64904e-007	-1.70794e-005	1	
493 264
0.999345	-0.00464758	0.107673	
0.000533871	0.995752	-0.0250352	
8.64904e-007	-1.70794e-005	1	
506 265
0.999345	-0.00464758	0.107666	
0.000533871	0.995752	-0.0250439	
8.64904e-007	-1.70794e-005	1	
520 266
0.999345	-0.00464758	0.107664	
0.000533871	0.995752	-0.0250471	
8.64904e-007	-1.70794e-005	1	
478 267
0.999345	-0.00464758	0.107658	
0.000533871	0.995753	-0.0250526	
8.64904e-007	-1.70794e-005	1	
529 268
0.999345	-0.00464758	0.107663	
0.000533871	0.995752	-0.0250499	
8.64904e-007	-1.70794e-005	1	
478 269
0.999345	-0.00464758	0.107662	
0.000533871	0.995752	-0.0250471	
8.64904e-007	-1.70794e-005	1	
499 270
0.999345	-0.00464758	0.107674	
0.000533871	0.995752	-0.0250456	
8.64904e-007	-1.70794e-005	1	
498 271
0.999345	-0.00464758	0.107667	
0.00053387	0.995752	-0.0250479	
8.64904e-007	-1.70794e-005	1	
521 272
0.999345	-0.00464758	0.107651	
0.000533871	0.995752	-0.0250485	
8.64904e-007	-1.70794e-005	1	
499 273
0.999345	-0.00464758	0.107668	
0.000533871	0.995752	-0.0250451	
8.64904e-007	-1.70794e-005	1	
507 274
0.999345	-0.00464758	0.107681	
0.00053387	0.995752	-0.0250405	
8.64904e-007	-1.70794e-005	1	
494 275
0.999345	-0.00464758	0.10768	
0.00053387	0.995752	-0.025045	
8.64904e-007	-1.70794e-005	1	
542 276
0.999345	-0.00464758	0.107696	
0.000533871	0.995752	-0.0250406	
8.64904e-007	-1.70794e-005	1	
525 277
0.999345	-0.00464758	0.107692	
0.000533871	0.995752	-0.0250472	
8.64904e-007	-1.70794e-005	1	
556 278
0.999345	-0.00464758	0.107687	
0.00053387	0.995752	-0.0250452	
8.64904e-007	-1.70794e-005	1	
508 279
0.999345	-0.00464758	0.107668	
0.000533871	0.995752	-0.0250482	
8.64904e-007	-1.70794e-005	1	
527 280
0.999345	-0.00464758	0.107681	
0.00053387	0.995752	-0.0250487	
8.64904e-007	-1.70794e-005	1	
537 281
0.999345	-0.00464758	0.107684	
0.000533871	0.995752	-0.025052	
8.64904e-007	-1.70794e-005	1	
569 282
0.999345	-0.00464758	0.107691	
0.000533871	0.995752	-0.0250448	
8.64904e-007	-1.70794e-005	1	
558 283
0.999345	-0.00464758	0.1077	
0.000533871	0.995752	-0.0250457	
8.64904e-007	-1.70794e-005	1	
597 284
0.999345	-0.00464758	0.107706	
0.000533871	0.995752	-0.0250481	
8.64904e-007	-1.70794e-005	1	
546 285
0.999345	-0.00464758	0.107699	
0.000533871	0.995752	-0.0250486	
8.64904e-007	-1.70794e-005	1	
570 286
0.999345	-0.00464758	0.10769	
0.000533871	0.995752	-0.0250502	
8.64904e-007	-1.70794e-005	1	
521 287
0.999345	-0.00464758	0.107699	
0.000533871	0.995752	-0.0250446	
8.64904e-007	-1.70794e-005	1	
552 288
0.999345	-0.00464758	0.107717	
0.000533871	0.995752	-0.0250435	
8.64904e-007	-1.70794e-005	1	
550 289
0.999345	-0.00464758	0.107713	
0.000533871	0.995752	-0.0250542	
8.64904e-007	-1.70794e-005	1	
578 290
0.999345	-0.00464758	0.107719	
0.000533871	0.995752	-0.0250564	
8.64904e-007	-1.70794e-005	1	
580 291
0.999345	-0.00464758	0.107719	
0.000533871	0.995753	-0.0250491	
8.64904e-007	-1.70794e-005	1	
236 292
0.998231	-0.00796846	0.903296	
0.000737685	0.994277	0.0180076	
2.14715e-006	-2.34471e-005	1	
457 293
0.998231	-0.00796846	0.903296	
0.000737685	0.994277	0.0180075	
2.14715e-006	-2.34471e-005	1	
498 294
0.998231	-0.00796846	0.903299	
0.000737685	0.994277	0.0180095	
2.14715e-006	-2.34471e-005	1	
461 295
0.998231	-0.00796846	0.90329	
0.000737685	0.994277	0.0180021	
2.14715e-006	-2.34471e-005	1	
536 296
0.998231	-0.00796846	0.903288	
0.000737685	0.994277	0.0180104	
2.14715e-006	-2.34471e-005	1	
478 297
0.998231	-0.00796846	0.903277	
0.000737685	0.994277	0.0180134	
2.14715e-006	-2.34471e-005	1	
307 298
0.998231	-0.00796846	0.903277	
0.000737685	0.994277	0.0180167	
2.14715e-006	-2.34471e-005	1	
514 299
0.998231	-0.00796846	0.903277	
0.000737685	0.994277	0.0180127	
2.14715e-006	-2.34471e-005	1	
513 300
0.998231	-0.00796846	0.903261	
0.000737685	0.994277	0.0180044	
2.14715e-006	-2.34471e-005	1	
563 301
0.998231	-0.00796846	0.903258	
0.000737685	0.994277	0.0180041	
2.14715e-006	-2.34471e-005	1	
501 302
0.998231	-0.00796846	0.903252	
0.000737685	0.994277	0.0179971	
2.14715e-006	-2.34471e-005	1	
516 303
0.998231	-0.00796846	0.903233	
0.000737685	0.994277	0.017992	
2.14715e-006	-2.34471e-005	1	
512 304
0.998232	-0.00796846	0.903218	
0.000737685	0.994277	0.0179893	
2.14715e-006	-2.34471e-005	1	
555 305
0.998231	-0.00796846	0.903221	
0.000737685	0.994277	0.0179942	
2.14715e-006	-2.34471e-005	1	
497 306
0.998232	-0.00796846	0.903215	
0.000737685	0.994277	0.0179838	
2.14715e-006	-2.34471e-005	1	
553 307
0.998232	-0.00796846	0.903215	
0.000737685	0.994277	0.0179869	
2.14715e-006	-2.34471e-005	1	
536 308
0.998231	-0.00796846	0.903234	
0.000737685	0.994277	0.0179905	
2.14715e-006	-2.34471e-005	1	
554 309
0.998231	-0.00796846	0.903234	
0.000737685	0.994277	0.0180003	
2.14715e-006	-2.34471e-005	1	
218 310
1.00284	-0.00399999	0.466054	
0.0024542	0.995126	-0.140257	
1.04164e-005	-2.27739e-005	0.999999	
553 311
1.00284	-0.00399999	0.46605	
0.0024542	0.995127	-0.140255	
1.04164e-005	-2.27739e-005	0.999999	
409 312
1.00284	-0.00399999	0.466052	
0.0024542	0.995127	-0.140256	
1.04164e-005	-2.27739e-005	0.999999	
497 313
1.00284	-0.00399999	0.466048	
0.0024542	0.995127	-0.140257	
1.04164e-005	-2.27739e-005	0.999999	
459 314
1.00284	-0.00399999	0.466036	
0.0024542	0.995127	-0.140271	
1.04164e-005	-2.27739e-005	0.999999	
508 315
1.00284	-0.00399999	0.466049	
0.0024542	0.995126	-0.140261	
1.04164e-005	-2.27739e-005	0.999999	
351 316
1.00284	-0.00399999	0.466037	
0.0024542	0.995126	-0.14027	
1.04164e-005	-2.27739e-005	0.999999	
436 317
1.00284	-0.00399999	0.466058	
0.0024542	0.995127	-0.140265	
1.04164e-005	-2.27739e-005	0.999999	
159 318
1.00122	0.00164049	0.190034	
0.00259062	0.992204	-0.0715863	
4.44911e-006	-6.91593e-006	0.999997	
197 319
0.999902	0.00804881	-0.707868	
0.00227895	0.995049	-0.107711	
1.95456e-006	7.71e-006	0.999996	
188 320
1.00065	0.00670794	-1.66543	
0.00335084	0.98995	0.154033	
7.31786e-006	-1.02983e-005	0.999986	
145 321
0.999382	0.00597224	-1.37329	
-8.80481e-005	0.984436	1.46133	
5.98373e-006	-1.10685e-005	0.999973	
189 322
0.999382	0.00597224	-1.37329	
-8.80481e-005	0.984436	1.46132	
5.98373e-006	-1.10685e-005	0.999973	
149 323
1.00085	0.00521076	-1.52825	
-0.00102355	0.983289	1.8854	
8.82779e-006	-1.36788e-005	0.999966	
139 324
0.999406	0.00417061	-1.2039	
-0.00391292	0.980861	2.54273	
7.32008e-006	-1.59794e-005	0.999957	
150 325
0.999406	0.00417061	-1.20806	
-0.00391292	0.98086	1.56188	
7.32008e-006	-1.59794e-005	0.999973	
133 326
0.999406	0.00417061	-1.21224	
-0.00391292	0.98086	0.581005	
7.32008e-006	-1.59794e-005	0.999989	
145 327
0.99987	0.00620768	-1.37143	
-0.00436772	0.983186	-0.491312	
4.93647e-006	-7.30881e-006	0.999996	
153 328
0.99987	0.00620768	-1.37142	
-0.00436772	0.983186	-0.491304	
4.93647e-006	-7.30881e-006	0.999996	
333 329
0.99987	0.00620768	-1.3714	
-0.00436772	0.983186	-0.491308	
4.93647e-006	-7.30881e-006	0.999996	
234 330
0.999501	0.00679277	-1.40563	
-0.00517526	0.983926	-0.454417	
5.52858e-007	-2.46775e-006	0.999996	
258 331
0.997958	0.00609375	-1.31286	
-0.00571853	0.980338	-0.181197	
-3.28024e-006	-1.2006e-005	0.999993	
220 332
0.996294	0.00649422	-1.34501	
-0.00670365	0.977783	0.195255	
-1.0676e-005	-1.21644e-005	0.999988	
197 333
1.00042	0.0109116	-2.92876	
-0.00680196	0.978614	0.140321	
-1.16659e-005	-9.20449e-006	1.00001	
170 334
1.01305	0.00995376	-4.15014	
-0.00498376	0.987795	-1.10281	
-2.37033e-006	5.77238e-006	1	
230 335
1.01517	0.00856417	-4.29641	
-0.00479983	0.986196	-1.10664	
-8.9771e-007	-5.4802e-006	1	
212 336
1.0167	0.00722015	-4.38089	
-0.0047293	0.983775	-1.05339	
-1.71977e-006	-1.45149e-005	1	
210 337
1.01968	0.00690121	-4.40618	
-0.00447924	0.984143	-1.1287	
-3.223e-007	-1.42597e-005	1	
223 338
1.01552	0.00387628	-2.16317	
-0.00478687	0.981612	-0.983976	
-3.5084e-006	-2.04138e-005	0.999992	
268 339
1.01531	0.00437666	0.837329	
-0.00528448	0.981423	-0.881885	
-7.67719e-006	-1.63975e-005	0.999968	
178 340
1.01086	-0.00234553	6.41163	
-0.00588282	0.977973	-0.726107	
-1.55843e-005	-2.5991e-005	0.999877	
264 341
1.00534	-0.0023187	12.5941	
-0.00695973	0.976483	-0.512912	
-2.21359e-005	-2.48969e-005	0.999734	
298 342
1.00534	-0.0023187	18.6261	
-0.00695973	0.976483	-0.554669	
-2.21359e-005	-2.48969e-005	0.999601	
370 343
1.00534	-0.0023187	25.6636	
-0.00695973	0.976483	-0.60338	
-2.21359e-005	-2.48969e-005	0.999446	
313 344
1.0035	-0.00229093	32.9448	
-0.00775861	0.975371	-0.400657	
-2.87508e-005	-2.06893e-005	0.999232	
474 345
1.0035	-0.00229093	40.9728	
-0.00775861	0.975371	-0.462717	
-2.87508e-005	-2.06893e-005	0.999002	
292 346
1.0035	-0.00229093	50.0043	
-0.00775861	0.975371	-0.532544	
-2.87508e-005	-2.06893e-005	0.998744	
342 347
1.0035	-0.00229093	59.0358	
-0.00775861	0.975371	-0.602361	
-2.87508e-005	-2.06893e-005	0.998485	
353 348
1.0035	-0.00229093	67.0638	
-0.00775861	0.975371	-0.664436	
-2.87508e-005	-2.06893e-005	0.998255	
319 349
0.99344	-0.00701156	76.2215	
-0.0107657	0.968523	0.481312	
-4.39751e-005	-2.32472e-005	0.997819	
368 350
0.983829	-0.000563417	83.4315	
-0.014611	0.969495	0.621535	
-6.14814e-005	-1.28911e-005	0.997365	
447 351
0.979735	-6.45949e-005	91.0848	
-0.0153715	0.968434	0.744717	
-6.57603e-005	-1.15061e-005	0.996849	
264 352
0.979735	-6.45949e-005	98.9227	
-0.0153715	0.968434	0.621735	
-6.57604e-005	-1.15061e-005	0.996323	
363 353
0.979735	-6.45949e-005	107.74	
-0.0153715	0.968434	0.48339	
-6.57603e-005	-1.15061e-005	0.995731	
339 354
0.979735	-6.45949e-005	116.558	
-0.0153715	0.968434	0.345049	
-6.57604e-005	-1.15061e-005	0.995139	
395 355
0.979735	-6.45948e-005	125.376	
-0.0153715	0.968434	0.206704	
-6.57604e-005	-1.15061e-005	0.994547	
343 356
0.975078	0.00245282	134.216	
-0.0174221	0.969489	0.086382	
-7.45369e-005	-5.86517e-006	0.993871	
351 357
0.975078	0.00245282	142.991	
-0.0174221	0.969488	-0.0704229	
-7.45369e-005	-5.86517e-006	0.9932	
256 358
0.974194	0.0142355	150.401	
-0.0199736	0.979803	-1.18381	
-8.5466e-005	2.14555e-005	0.992528	
307 359
0.962798	0.0075249	160.534	
-0.0230406	0.971404	0.0567791	
-9.97785e-005	1.43021e-005	0.991501	
301 360
0.947805	-0.00722193	171.518	
-0.0264222	0.959714	1.3006	
-0.000115209	-7.06626e-006	0.990153	
306 361
0.947805	-0.00722193	180.048	
-0.0264222	0.959714	1.06279	
-0.000115209	-7.06626e-006	0.989116	
293 362
0.947805	-0.00722193	188.578	
-0.0264222	0.959714	0.824998	
-0.000115209	-7.06626e-006	0.988079	
279 363
0.947805	-0.00722193	197.108	
-0.0264222	0.959714	0.587202	
-0.000115209	-7.06626e-006	0.987042	
304 364
0.947805	-0.00722193	204.691	
-0.0264222	0.959714	0.375814	
-0.000115209	-7.06626e-006	0.986121	
362 365
0.947887	0.00598448	210.589	
-0.0272299	0.963885	0.147833	
-0.000122507	1.39676e-005	0.985357	
347 366
0.947887	0.00598448	218.172	
-0.0272299	0.963885	-0.0700084	
-0.000122507	1.39676e-005	0.984377	
507 367
0.947887	0.00598448	225.755	
-0.0272299	0.963885	-0.287845	
-0.000122507	1.39676e-005	0.983397	
396 368
0.943256	0.00627545	233.394	
-0.0289788	0.96126	0.0270362	
-0.000131129	1.43039e-005	0.982344	
418 369
0.943256	0.00627544	240.94	
-0.0289788	0.96126	-0.204796	
-0.000131129	1.43039e-005	0.981295	
352 370
0.943656	0.00846754	248.565	
-0.0286913	0.963882	-0.631308	
-0.00013037	2.2511e-005	0.980237	
384 371
0.941332	0.00682859	256.117	
-0.0288365	0.961628	-0.706177	
-0.00013071	1.53684e-005	0.979191	
443 372
0.941332	0.00682859	263.648	
-0.0288365	0.961628	-0.936871	
-0.00013071	1.53684e-005	0.978145	
286 373
0.941332	0.00682859	271.179	
-0.0288365	0.961628	-1.16756	
-0.00013071	1.53683e-005	0.977099	
392 374
0.933694	0.0106981	279.042	
-0.0311026	0.959677	-0.551216	
-0.000141286	2.36732e-005	0.975933	
344 375
0.925503	0.00295074	287.038	
-0.0326912	0.95296	-0.132856	
-0.000147078	6.90512e-006	0.974667	
342 376
0.920456	0.00245956	294.771	
-0.0336784	0.952394	-0.087546	
-0.000152738	1.2301e-005	0.973389	
313 377
0.913681	-0.000395926	301.754	
-0.0351929	0.947456	0.458078	
-0.000159463	6.56979e-006	0.972175	
375 378
0.913681	-0.000395926	307.236	
-0.0351929	0.947456	0.246921	
-0.000159463	6.56979e-006	0.971219	
297 379
0.909517	-0.00627749	313.138	
-0.0355612	0.944978	0.269959	
-0.000161052	8.11301e-007	0.970174	
459 380
0.904989	-0.00201909	318.008	
-0.0360897	0.945615	0.162559	
-0.000166768	8.2122e-006	0.969277	
422 381
0.904989	-0.00201909	322.533	
-0.0360897	0.945615	-0.0178822	
-0.000166768	8.21219e-006	0.968443	
473 382
