491 0
1	6.57925e-016	-1.38812e-005	
2.08624e-018	1	-3.60395e-006	
8.97039e-020	7.09023e-019	1	
388 1
1	1.00821e-015	-2.46045e-005	
3.00331e-016	1	4.31848e-006	
1.87289e-018	1.2448e-018	1	
421 2
1	1.01282e-015	-3.13646e-005	
2.867e-016	1	1.41397e-007	
1.56857e-018	1.69335e-018	1	
399 3
1	1.68617e-015	-1.96168e-005	
4.47088e-016	1	6.9641e-006	
2.29647e-018	2.15362e-018	1	
421 4
1	1.51031e-015	-2.10417e-005	
1.67935e-016	1	1.24469e-005	
1.50426e-018	2.25047e-018	1	
404 5
1	1.59583e-015	-2.19369e-005	
1.53795e-016	1	1.53902e-005	
1.68563e-018	2.6566e-018	1	
424 6
1	8.88918e-016	-3.68528e-006	
4.07012e-016	1	2.41862e-005	
1.46406e-018	1.92442e-018	1	
397 7
1	7.43644e-016	-2.16555e-006	
3.98224e-016	1	1.44735e-005	
1.02613e-018	1.50188e-018	1	
408 8
1	3.273e-016	1.15326e-005	
4.33749e-016	1	1.91375e-005	
1.27417e-018	4.26362e-019	1	
385 9
1	3.36386e-016	1.59012e-005	
3.5339e-016	1	3.41256e-005	
2.25936e-019	-7.78788e-020	1	
412 10
1	-4.05471e-016	9.76624e-006	
2.19456e-016	1	3.76615e-005	
-5.4728e-020	-1.34013e-018	1	
432 11
1	-1.63086e-015	4.86312e-006	
2.96011e-016	1	3.64368e-005	
-5.96112e-019	-3.74447e-018	1	
454 12
1	-1.80552e-015	-6.38043e-006	
3.41802e-016	1	3.45992e-005	
-5.94242e-019	-3.41965e-018	1	
437 13
1	-1.47345e-015	-1.05854e-005	
3.75222e-016	1	3.16956e-005	
-4.09723e-019	-2.20126e-018	1	
459 14
1	-1.93077e-015	-2.01507e-005	
2.39746e-016	1	2.85017e-005	
-1.23003e-018	-3.26178e-018	1	
416 15
1	-1.98706e-015	-2.39788e-005	
2.4372e-016	1	3.01e-005	
-1.01319e-018	-3.02468e-018	1	
411 16
1	-2.71127e-015	-3.81992e-005	
-4.73811e-017	1	1.78756e-005	
-2.96288e-018	-3.54479e-018	1	
398 17
1	-2.30524e-015	-3.75747e-005	
-4.136e-016	1	1.7154e-005	
-4.69266e-018	-3.15389e-018	1	
407 18
1	-2.29639e-015	-4.23788e-005	
-5.65565e-016	1	1.42069e-005	
-5.24103e-018	-2.98354e-018	1	
402 19
1	-2.41673e-015	-4.91605e-005	
-6.0884e-016	1	1.42834e-005	
-3.81532e-018	-3.20986e-018	1	
421 20
1	-2.75012e-015	-4.57221e-005	
-6.93587e-016	1	1.68002e-005	
-3.69846e-018	-3.9611e-018	1	
392 21
1	-2.14463e-015	-5.11113e-005	
-5.84761e-016	1	1.22397e-005	
-2.78882e-018	-4.12264e-018	1	
407 22
1	-2.59402e-015	-3.88279e-005	
-5.11101e-016	1	9.75793e-006	
-3.85184e-018	-5.11198e-018	1	
401 23
1	-3.03621e-015	-2.83233e-005	
-5.58985e-016	1	8.3898e-006	
-4.11213e-018	-4.85791e-018	1	
411 24
1	-2.28553e-015	-4.63609e-005	
-5.20778e-016	1	7.45032e-006	
-3.56232e-018	-3.93385e-018	1	
407 25
1	-2.5484e-015	-7.13391e-005	
-6.24612e-016	1	1.27711e-006	
-3.54127e-018	-4.5701e-018	1	
419 26
1	-2.58505e-015	-5.70299e-005	
-6.66677e-016	1	1.04822e-005	
-3.63229e-018	-4.47714e-018	1	
417 27
1	-1.77303e-015	-7.52669e-005	
-2.73565e-016	1	6.93717e-006	
-9.01979e-019	-3.71174e-018	1	
416 28
1	-2.12739e-015	-8.79705e-005	
-3.68341e-016	1	8.29188e-006	
-9.80325e-019	-4.75665e-018	1	
400 29
1	-1.78927e-015	-8.35498e-005	
-2.16643e-016	1	1.13259e-005	
2.89005e-019	-4.69686e-018	1	
410 30
1	-2.01198e-015	-8.08195e-005	
-1.04791e-016	1	7.20772e-006	
9.98681e-019	-4.81202e-018	1	
387 31
1	-2.86088e-015	-7.76477e-005	
-4.8595e-016	1	6.06477e-006	
-8.09766e-019	-5.45586e-018	1	
398 32
1	-4.02511e-015	-5.49584e-005	
-7.73518e-016	1	7.01431e-006	
-2.86383e-018	-6.3995e-018	1	
383 33
1	-3.94722e-015	-3.6585e-005	
-8.83418e-016	1	1.54327e-005	
-3.01232e-018	-5.84966e-018	1	
397 34
1	-4.39927e-015	-5.36083e-005	
-6.26262e-016	1	6.8647e-006	
-1.24556e-018	-7.03595e-018	1	
406 35
1	-4.03252e-015	-3.59553e-005	
-3.58556e-017	1	6.32437e-006	
2.4887e-018	-6.14855e-018	1	
402 36
1	-2.94168e-015	-3.70334e-005	
-1.40949e-016	1	1.07762e-005	
1.61378e-018	-5.40728e-018	1	
388 37
1	-2.69143e-015	-1.83223e-005	
1.22113e-016	1	1.79983e-005	
2.74745e-018	-4.70958e-018	1	
378 38
1	-3.34853e-015	-1.05275e-005	
-1.34297e-016	1	2.87048e-005	
1.76602e-018	-5.27916e-018	1	
380 39
1	-2.55417e-015	-2.69101e-007	
1.6171e-017	1	2.95488e-005	
3.62738e-018	-4.16157e-018	1	
418 40
1	-2.84083e-015	5.49913e-006	
-3.08799e-016	1	2.75839e-005	
3.21309e-018	-4.72434e-018	1	
400 41
1	-3.27408e-015	2.55944e-006	
-5.2526e-016	1	2.64307e-005	
1.39789e-018	-4.65891e-018	1	
421 42
1	-3.45536e-015	2.86775e-006	
-4.57528e-016	1	1.70869e-005	
1.25304e-018	-4.93363e-018	1	
400 43
1	-3.19119e-015	2.55607e-006	
-5.04411e-016	1	1.88636e-005	
9.47283e-019	-5.33383e-018	1	
414 44
1	-3.66103e-015	9.71991e-006	
-4.78674e-016	1	2.63144e-005	
1.32422e-018	-5.33756e-018	1	
391 45
1	-3.80212e-015	1.77871e-005	
-4.1539e-016	1	3.36833e-005	
1.72998e-018	-5.00725e-018	1	
402 46
1	-4.19823e-015	2.6534e-005	
-1.14675e-016	1	4.03063e-005	
1.51527e-018	-5.23002e-018	1	
373 47
1	-5.07862e-015	1.74124e-005	
-2.84354e-016	1	3.21489e-005	
1.62645e-020	-5.84186e-018	1	
422 48
1	-4.74652e-015	2.23271e-005	
-4.57812e-016	1	2.60209e-005	
4.63966e-019	-5.60179e-018	1	
398 49
1	-5.11817e-015	1.24184e-005	
-5.80818e-016	1	2.52039e-005	
6.21483e-019	-5.60346e-018	1	
440 50
1	-5.19585e-015	1.39674e-005	
-3.23623e-016	1	3.30945e-005	
1.3789e-018	-4.34617e-018	1	
432 51
1	-5.44177e-015	1.13187e-005	
-4.34462e-016	1	3.62469e-005	
3.64594e-019	-3.5544e-018	1	
164 52
1	-4.66666e-015	1.10144e-005	
-6.23833e-016	1	3.12128e-005	
3.30528e-019	-2.26198e-018	1	
314 53
1	-4.22433e-015	5.60247e-006	
-4.68502e-016	1	2.06463e-005	
5.27701e-019	-2.17171e-018	1	
372 54
1	-2.90579e-015	1.01298e-005	
-6.31475e-016	1	1.73354e-005	
-2.70646e-018	-1.7136e-018	1	
329 55
1	-3.0263e-015	7.47544e-006	
-7.14233e-016	1	6.78486e-006	
-2.86866e-018	-1.75633e-018	1	
375 56
1	-2.46308e-015	9.81237e-006	
-1.04818e-015	1	4.42068e-006	
-4.75144e-018	-1.53582e-018	1	
389 57
1	-3.06917e-015	-2.99174e-007	
-9.28874e-016	1	1.66481e-006	
-3.60728e-018	-1.92293e-018	1	
444 58
1	-3.00957e-015	-1.33401e-006	
-6.18839e-016	1	1.0087e-005	
-3.25075e-018	-1.54632e-018	1	
401 59
1	-3.17119e-015	8.36607e-006	
-3.83467e-016	1	9.86516e-006	
-2.77183e-018	-3.34272e-018	1	
409 60
1	-3.01861e-015	3.99809e-006	
-6.93425e-016	1	3.81553e-006	
-3.04719e-018	-3.80485e-018	1	
402 61
1	-2.64348e-015	5.15116e-006	
-5.25602e-016	1	1.22066e-005	
-3.21524e-018	-3.2233e-018	1	
410 62
1	-2.62668e-015	1.61124e-005	
-5.37919e-017	1	1.30197e-005	
-2.08787e-018	-4.36461e-018	1	
363 63
1	-2.60887e-015	1.42668e-005	
2.1195e-016	1	1.45298e-005	
-1.75579e-018	-4.62758e-018	1	
395 64
1	-2.16236e-015	6.82409e-006	
1.21115e-016	1	1.55813e-005	
-2.19523e-018	-4.0627e-018	1	
410 65
1	-2.97662e-015	7.31992e-006	
1.76578e-016	1	1.53885e-005	
-2.51239e-018	-4.91969e-018	1	
424 66
1	-3.20723e-015	2.09197e-005	
2.15896e-016	1	2.38909e-005	
-3.06209e-018	-5.40253e-018	1	
421 67
1	-3.42752e-015	1.87651e-005	
3.99142e-016	1	2.45434e-005	
-2.58896e-018	-6.19129e-018	1	
453 68
1	-4.01097e-015	3.42074e-005	
5.36451e-016	1	2.54131e-005	
-1.94058e-018	-6.69574e-018	1	
408 69
1	-3.96928e-015	1.72414e-005	
7.10722e-016	1	2.26316e-005	
-2.11038e-018	-6.52898e-018	1	
409 70
1	-3.85319e-015	1.79376e-005	
8.50659e-016	1	2.87644e-005	
-2.03615e-018	-6.15927e-018	1	
350 71
1	-3.57584e-015	2.11245e-005	
8.15559e-016	1	2.58724e-005	
-1.16056e-018	-6.10837e-018	1	
400 72
1	-3.66929e-015	2.67523e-005	
6.94555e-016	1	2.35025e-005	
-3.80915e-019	-7.20558e-018	1	
237 73
1	-3.62039e-015	3.37623e-005	
6.9128e-016	1	2.38875e-005	
-5.27142e-019	-7.59466e-018	1	
403 74
1	-3.36351e-015	2.66596e-005	
6.98873e-016	1	1.86121e-005	
9.77987e-020	-7.72882e-018	1	
425 75
1	-2.53302e-015	2.99268e-005	
5.99107e-016	1	9.74447e-006	
1.27801e-018	-7.45145e-018	1	
416 76
1	-1.97197e-015	3.69135e-005	
5.8244e-016	1	5.51519e-006	
6.34374e-019	-7.49738e-018	1	
372 77
1	-2.14796e-015	2.28974e-005	
8.04363e-016	1	9.57574e-006	
5.14396e-019	-8.07942e-018	1	
422 78
1	-2.61522e-015	3.46491e-005	
8.07517e-016	1	7.79932e-006	
5.44695e-019	-8.80085e-018	1	
388 79
1	-2.71352e-015	3.62578e-005	
6.02263e-016	1	8.26564e-006	
1.36288e-018	-7.72738e-018	1	
393 80
1	-2.7157e-015	1.64719e-005	
5.78052e-016	1	1.16299e-005	
1.10349e-018	-8.0437e-018	1	
369 81
1	-1.89858e-015	3.219e-005	
5.70801e-016	1	1.78623e-005	
1.19161e-018	-7.84604e-018	1	
397 82
1	-1.70559e-015	3.53681e-005	
5.0899e-016	1	1.00124e-005	
1.38579e-018	-7.7935e-018	1	
365 83
1	-2.22678e-015	3.38747e-005	
2.53531e-017	1	9.21537e-006	
-4.97211e-019	-6.97315e-018	1	
419 84
1	-1.14341e-015	4.72896e-005	
1.06591e-016	1	1.08839e-005	
-1.85085e-018	-5.98735e-018	1	
397 85
1	-1.13908e-015	6.7338e-005	
2.76563e-016	1	9.25243e-006	
-2.18278e-018	-5.56753e-018	1	
416 86
1	-4.81516e-016	8.17438e-005	
5.81461e-016	1	1.94772e-005	
-1.34822e-018	-5.43843e-018	1	
411 87
1	2.57888e-017	7.89413e-005	
8.20211e-016	1	1.53843e-005	
1.75602e-018	-3.56442e-018	1	
429 88
1	4.80214e-016	7.13686e-005	
9.57462e-016	1	1.68275e-005	
2.26497e-018	-3.42547e-018	1	
396 89
1	1.34619e-015	6.94228e-005	
1.44104e-015	1	8.14629e-006	
6.16022e-018	-1.50813e-018	1	
417 90
1	1.32152e-015	7.16982e-005	
1.22631e-015	1	4.27185e-006	
4.74783e-018	-1.58145e-018	1	
416 91
1	6.30539e-016	7.5896e-005	
1.29499e-015	1	5.19639e-006	
5.00377e-018	-2.61851e-018	1	
442 92
1	7.18937e-016	6.11431e-005	
1.47292e-015	1	2.19265e-006	
6.07307e-018	-2.04682e-018	1	
489 93
1	6.16194e-016	6.31144e-005	
1.81933e-015	1	-1.99026e-007	
5.97517e-018	-2.92413e-018	1	
466 94
1	9.28062e-016	5.01217e-005	
1.46427e-015	1	2.95267e-006	
5.88991e-018	-1.6877e-018	1	
434 95
1	9.10344e-016	3.4733e-005	
1.70003e-015	1	-3.99123e-006	
5.20553e-018	-2.84352e-018	1	
438 96
1	1.44307e-015	3.59012e-005	
2.01271e-015	1	-3.60814e-006	
5.13305e-018	-2.25058e-018	1	
466 97
1	7.73926e-016	2.90216e-005	
1.77044e-015	1	-6.40268e-006	
3.97866e-018	-2.31719e-018	1	
483 98
1	1.29712e-015	2.61635e-005	
1.67406e-015	1	-3.23108e-006	
3.52234e-018	-8.66928e-019	1	
461 99
1	1.63084e-015	4.06247e-005	
1.82503e-015	1	-1.59654e-006	
3.54692e-018	1.62704e-019	1	
505 100
1	1.57292e-015	4.93626e-005	
1.99034e-015	1	8.29029e-008	
4.60427e-018	-7.07944e-019	1	
470 101
1	2.34051e-015	4.89681e-005	
2.04225e-015	1	-2.49589e-006	
4.69e-018	-6.57073e-019	1	
449 102
1	2.7736e-015	3.75045e-005	
2.15557e-015	1	-6.57968e-006	
4.39157e-018	1.21904e-018	1	
405 103
1	2.58598e-015	3.89315e-005	
2.32936e-015	1	-5.68958e-006	
4.26094e-018	1.95672e-019	1	
432 104
1	2.61302e-015	2.96259e-005	
2.35456e-015	1	-1.50408e-005	
3.13107e-018	7.93101e-019	1	
425 105
1	2.44711e-015	4.31986e-005	
2.36811e-015	1	-1.29376e-005	
3.27924e-018	4.74192e-019	1	
414 106
1	3.10287e-015	4.69125e-005	
2.50605e-015	1	-9.24556e-006	
4.21519e-018	1.12121e-018	1	
394 107
1	2.67967e-015	5.10077e-005	
2.55136e-015	1	-5.75259e-006	
2.88653e-018	5.9581e-019	1	
399 108
1	2.9416e-015	3.75715e-005	
2.41182e-015	1	-9.23698e-006	
2.14604e-018	1.10662e-018	1	
310 109
1	3.26808e-015	2.75531e-005	
2.89595e-015	1	-7.46534e-006	
3.41107e-018	1.49433e-018	1	
426 110
1	2.79565e-015	3.89364e-005	
3.23129e-015	1	-4.23172e-006	
3.79034e-018	-1.08056e-019	1	
417 111
1	3.6458e-015	3.49453e-005	
3.19109e-015	1	4.15921e-006	
4.81418e-018	4.46813e-019	1	
173 112
1	3.56587e-015	4.61351e-005	
2.9789e-015	1	7.61923e-006	
5.33265e-018	4.57267e-019	1	
358 113
1	3.01981e-015	3.74319e-005	
3.03085e-015	1	3.55343e-007	
4.97957e-018	3.23462e-019	1	
402 114
1	2.65351e-015	2.80499e-005	
3.13287e-015	1	-3.25139e-006	
4.28175e-018	-3.96193e-019	1	
380 115
1	3.35393e-015	1.80078e-005	
3.13148e-015	1	-3.68165e-006	
4.5454e-018	-2.68157e-019	1	
420 116
1	3.32041e-015	1.96624e-005	
2.81387e-015	1	-8.41336e-006	
4.43941e-018	-3.16679e-019	1	
424 117
1	3.45345e-015	1.93168e-005	
2.68053e-015	1	-6.00154e-006	
3.56707e-018	-3.43169e-019	1	
448 118
1	2.89023e-015	6.73809e-006	
2.43519e-015	1	-7.45223e-006	
2.59344e-018	-2.36241e-018	1	
430 119
1	3.0943e-015	7.69639e-006	
2.74154e-015	1	-9.31118e-006	
2.75386e-018	-2.92587e-018	1	
438 120
1	3.01839e-015	5.77425e-006	
2.899e-015	1	-7.68963e-006	
3.13884e-018	-3.46199e-018	1	
434 121
1	2.9633e-015	5.70246e-006	
2.6724e-015	1	-9.44999e-006	
3.10285e-018	-3.59629e-018	1	
432 122
1	2.81452e-015	-5.46526e-006	
2.32849e-015	1	-5.68973e-006	
3.1794e-018	-3.22904e-018	1	
395 123
1	2.55671e-015	2.50815e-006	
2.14375e-015	1	-9.387e-006	
2.80168e-018	-3.08905e-018	1	
444 124
1	3.65499e-015	3.83516e-006	
2.5447e-015	1	-1.496e-005	
3.18183e-018	-2.49916e-018	1	
416 125
1	4.43423e-015	1.77009e-005	
2.56137e-015	1	-3.53894e-006	
3.49986e-018	-1.34953e-018	1	
441 126
1	4.34872e-015	2.05323e-005	
2.47465e-015	1	4.54532e-006	
3.03256e-018	-7.99095e-019	1	
397 127
1	3.81335e-015	2.42911e-005	
3.00615e-015	1	-9.18916e-007	
2.94603e-018	-1.28703e-018	1	
414 128
1	4.24802e-015	2.1045e-005	
2.91434e-015	1	1.84009e-006	
2.59341e-018	-9.51122e-019	1	
402 129
1	4.63339e-015	9.12285e-006	
2.97907e-015	1	-1.4097e-006	
1.79872e-018	-1.31818e-018	1	
420 130
1	3.87777e-015	1.32354e-005	
2.59181e-015	1	3.5317e-006	
1.14209e-018	-1.88662e-018	1	
397 131
1	3.01359e-015	8.57989e-006	
2.85562e-015	1	-6.32334e-006	
1.91632e-018	-3.28824e-018	1	
453 132
1	2.91682e-015	4.50149e-006	
2.5938e-015	1	-2.01364e-006	
2.18159e-018	-3.97391e-018	1	
409 133
1	3.16205e-015	-4.30167e-006	
2.56036e-015	1	2.62842e-007	
2.2001e-018	-3.52289e-018	1	
440 134
1	4.07494e-015	-1.27168e-005	
2.46953e-015	1	-6.00535e-006	
3.03368e-018	-3.14744e-018	1	
445 135
1	4.95866e-015	-5.10985e-006	
2.26507e-015	1	2.8941e-007	
2.88748e-018	-1.64372e-018	1	
469 136
1	4.25573e-015	-1.52636e-005	
2.29161e-015	1	3.91508e-006	
2.23071e-018	-3.02594e-018	1	
453 137
1	3.74448e-015	-5.19412e-006	
1.93436e-015	1	9.31156e-007	
3.96415e-018	-3.81187e-018	1	
469 138
1	2.95624e-015	1.88919e-006	
1.5961e-015	1	-2.19844e-006	
4.33271e-018	-4.56161e-018	1	
450 139
1	3.7044e-015	-7.68887e-006	
1.61951e-015	1	-5.05009e-007	
4.23492e-018	-4.10838e-018	1	
474 140
1	2.95147e-015	-4.14939e-006	
1.87433e-015	1	5.21052e-006	
3.20102e-018	-5.14228e-018	1	
441 141
1	3.20398e-015	-6.76357e-006	
1.85291e-015	1	9.24798e-006	
2.89815e-018	-3.9745e-018	1	
454 142
1	3.17925e-015	5.97922e-006	
2.10972e-015	1	1.29187e-005	
1.81701e-018	-4.76668e-018	1	
443 143
1	2.45318e-015	7.32776e-006	
1.94229e-015	1	4.16802e-006	
6.09109e-019	-6.46107e-018	1	
461 144
1	2.73235e-015	6.33169e-006	
2.01374e-015	1	-3.40906e-006	
9.4747e-019	-6.31873e-018	1	
419 145
1	3.63927e-015	-9.39228e-006	
2.26075e-015	1	1.86873e-009	
1.96105e-018	-6.30094e-018	1	
438 146
1	3.54061e-015	-2.22187e-005	
2.20045e-015	1	1.32943e-006	
2.06794e-018	-6.26017e-018	1	
430 147
1	3.59153e-015	-3.69042e-005	
2.05993e-015	1	-1.25501e-006	
1.52323e-018	-6.44768e-018	1	
333 148
1	3.92702e-015	-4.57979e-005	
2.25561e-015	1	2.31921e-006	
2.24349e-018	-5.75831e-018	1	
469 149
1	3.96289e-015	-4.88898e-005	
2.33072e-015	1	8.16744e-006	
1.95787e-018	-5.81931e-018	1	
447 150
1	3.78789e-015	-4.49128e-005	
2.48334e-015	1	1.36752e-005	
2.92561e-018	-6.08764e-018	1	
436 151
1	4.20164e-015	-5.04699e-005	
2.65298e-015	1	1.09506e-005	
3.90846e-018	-5.26335e-018	1	
417 152
1	4.51312e-015	-4.08249e-005	
2.81534e-015	1	1.02925e-005	
2.75474e-018	-6.25556e-018	1	
436 153
1	3.7026e-015	-4.78797e-005	
2.74236e-015	1	-1.60803e-006	
1.17891e-018	-8.46736e-018	1	
436 154
1	3.35034e-015	-2.72748e-005	
2.5989e-015	1	9.44658e-006	
1.78899e-018	-9.08768e-018	1	
460 155
1	2.85791e-015	-3.96237e-005	
2.74531e-015	1	1.41439e-005	
3.32341e-018	-1.10323e-017	1	
455 156
1	2.64404e-015	-6.15313e-005	
2.6464e-015	1	1.18825e-005	
3.10331e-018	-1.16452e-017	1	
464 157
1	2.78508e-015	-7.87583e-005	
2.56386e-015	1	4.89944e-006	
2.35723e-018	-1.12756e-017	1	
427 158
1	2.82823e-015	-9.29615e-005	
2.76603e-015	1	-5.29441e-006	
2.55235e-018	-1.21447e-017	1	
480 159
1	2.31859e-015	-9.3137e-005	
2.6856e-015	1	2.78907e-006	
1.32001e-018	-1.43001e-017	1	
434 160
1	3.2744e-015	-9.16819e-005	
2.70546e-015	1	1.42814e-005	
1.95773e-018	-1.29986e-017	1	
448 161
1	4.39775e-015	-9.00744e-005	
2.56126e-015	1	1.33682e-005	
1.95614e-018	-1.05685e-017	1	
419 162
1	3.94597e-015	-9.03866e-005	
2.35819e-015	1	1.42755e-005	
1.51638e-019	-1.05084e-017	1	
447 163
1	3.96995e-015	-9.62899e-005	
2.45874e-015	1	2.1683e-005	
-4.34844e-019	-1.03283e-017	1	
439 164
1	2.91815e-015	-8.60286e-005	
2.07691e-015	1	2.10358e-005	
-2.44583e-018	-1.10071e-017	1	
452 165
1	2.6393e-015	-7.04811e-005	
2.04488e-015	1	2.21516e-005	
-2.36734e-018	-1.14642e-017	1	
454 166
1	1.8715e-015	-6.72308e-005	
2.05705e-015	1	2.53197e-005	
-2.20225e-018	-1.32342e-017	1	
494 167
1	1.60282e-015	-8.34303e-005	
1.98584e-015	1	1.72834e-005	
-2.69082e-018	-1.40701e-017	1	
477 168
1	2.08852e-015	-8.25955e-005	
1.77637e-015	1	1.20818e-005	
-2.34944e-018	-1.41842e-017	1	
494 169
1	8.37159e-016	-9.47537e-005	
1.81528e-015	1	1.00433e-005	
-1.96076e-018	-1.83458e-017	1	
493 170
1	7.3602e-016	-8.95758e-005	
1.91253e-015	1	1.76441e-005	
-2.09666e-018	-1.85143e-017	1	
501 171
1	9.82278e-016	-9.86004e-005	
2.03282e-015	1	1.28358e-005	
-2.07689e-018	-1.86995e-017	1	
208 172
1	8.25606e-016	-0.000101736	
2.15204e-015	1	1.22309e-005	
-1.21513e-018	-1.84948e-017	1	
402 173
1	1.36776e-015	-0.000108522	
2.05206e-015	1	2.03096e-006	
-1.01038e-018	-1.81786e-017	1	
372 174
1	6.42703e-016	-0.000123594	
2.04618e-015	1	-3.83524e-006	
-1.53101e-018	-1.8977e-017	1	
461 175
1	-1.27211e-016	-0.000108584	
2.11507e-015	1	-2.0279e-006	
-1.60504e-018	-2.204e-017	1	
405 176
1	2.4878e-016	-0.000111182	
2.04965e-015	1	-5.26438e-006	
-1.75076e-018	-2.10565e-017	1	
440 177
1	-1.65992e-017	-0.000106022	
1.93545e-015	1	7.78669e-006	
-2.34809e-018	-1.99549e-017	1	
393 178
1	5.87982e-016	-0.00011065	
2.03888e-015	1	8.50905e-006	
-2.58941e-018	-1.76943e-017	1	
393 179
1	1.24818e-015	-0.000104473	
1.79402e-015	1	1.59342e-005	
-3.35997e-018	-1.59901e-017	1	
398 180
1	1.30468e-015	-0.000102813	
1.79728e-015	1	1.1654e-005	
-3.41953e-018	-1.59169e-017	1	
451 181
1	1.97595e-015	-9.14852e-005	
1.81897e-015	1	1.0841e-005	
-3.42208e-018	-1.45077e-017	1	
431 182
1	1.98969e-015	-9.23058e-005	
1.62423e-015	1	1.59391e-005	
-4.00837e-018	-1.40445e-017	1	
454 183
1	1.35743e-015	-8.86326e-005	
1.45834e-015	1	9.29441e-006	
-3.84119e-018	-1.54457e-017	1	
359 184
1	1.18912e-015	-9.48516e-005	
1.4535e-015	1	5.38007e-006	
-3.99782e-018	-1.58109e-017	1	
478 185
1	7.38067e-016	-9.3336e-005	
1.18542e-015	1	6.66057e-006	
-3.91289e-018	-1.70736e-017	1	
435 186
1	1.28689e-015	-0.000100827	
1.29569e-015	1	-2.10069e-006	
-4.08099e-018	-1.67682e-017	1	
469 187
1	1.51189e-015	-9.28821e-005	
1.35608e-015	1	-2.01309e-007	
-3.96198e-018	-1.68034e-017	1	
477 188
1	1.57416e-015	-8.60064e-005	
1.48201e-015	1	-1.14974e-006	
-3.81606e-018	-1.62303e-017	1	
481 189
1	2.11536e-015	-8.22085e-005	
1.27779e-015	1	9.25533e-009	
-3.91989e-018	-1.61322e-017	1	
442 190
1	2.86351e-015	-6.9649e-005	
1.25737e-015	1	1.19932e-005	
-3.75393e-018	-1.5746e-017	1	
471 191
1	2.58133e-015	-6.79812e-005	
1.01385e-015	1	1.67595e-005	
-3.77377e-018	-1.57849e-017	1	
426 192
1	2.5841e-015	-5.16839e-005	
1.16175e-015	1	1.94652e-005	
-3.52856e-018	-1.62416e-017	1	
489 193
1	2.85088e-015	-4.73298e-005	
1.12111e-015	1	2.42714e-005	
-4.10773e-018	-1.53987e-017	1	
460 194
1	2.47845e-015	-5.58607e-005	
1.63021e-015	1	1.70557e-005	
-4.15757e-018	-1.53295e-017	1	
490 195
1	2.49747e-015	-5.06472e-005	
1.77253e-015	1	2.2116e-005	
-3.93483e-018	-1.54137e-017	1	
468 196
1	2.44154e-015	-5.20842e-005	
1.86619e-015	1	1.72422e-005	
-3.81207e-018	-1.49071e-017	1	
531 197
1	2.10594e-015	-5.38889e-005	
1.92375e-015	1	1.16443e-005	
-3.31405e-018	-1.62118e-017	1	
502 198
1	1.95731e-015	-3.82623e-005	
1.9027e-015	1	1.29043e-005	
-3.19995e-018	-1.59054e-017	1	
562 199
1	1.33257e-015	-4.09283e-005	
1.85266e-015	1	1.11366e-005	
-3.25563e-018	-1.77024e-017	1	
502 200
1	1.18738e-015	-2.83206e-005	
1.78997e-015	1	1.56007e-005	
-3.73148e-018	-1.71077e-017	1	
524 201
1	9.29466e-016	-2.23815e-005	
1.82856e-015	1	2.34404e-005	
-3.42587e-018	-1.74852e-017	1	
506 202
1	9.4812e-016	-1.84697e-005	
2.13455e-015	1	2.44206e-005	
-2.74041e-018	-1.69766e-017	1	
537 203
1	6.13369e-016	-1.25476e-005	
2.33863e-015	1	3.42009e-005	
-2.906e-018	-1.74707e-017	1	
499 204
1	8.55852e-016	-3.24912e-006	
2.13136e-015	1	4.68316e-005	
-2.90872e-018	-1.6966e-017	1	
508 205
1	-1.11436e-017	1.30533e-005	
2.18602e-015	1	5.98429e-005	
-3.04074e-018	-1.83115e-017	1	
504 206
1	2.35891e-016	2.54095e-005	
1.96465e-015	1	6.58845e-005	
-3.65599e-018	-1.78349e-017	1	
507 207
1	5.19717e-016	2.51607e-005	
2.01674e-015	1	6.89416e-005	
-3.42761e-018	-1.74294e-017	1	
507 208
1	1.6385e-015	2.33952e-005	
1.85357e-015	1	6.73451e-005	
-3.56438e-018	-1.53489e-017	1	
519 209
1	1.81066e-015	2.44451e-005	
1.9008e-015	1	6.72e-005	
-3.80778e-018	-1.52824e-017	1	
491 210
1	1.56297e-015	2.85799e-005	
1.86891e-015	1	6.87761e-005	
-3.49501e-018	-1.61562e-017	1	
497 211
1	2.05593e-015	3.22843e-005	
1.67218e-015	1	7.46516e-005	
-3.86179e-018	-1.3874e-017	1	
458 212
1	1.90023e-015	1.38484e-005	
1.75457e-015	1	7.24065e-005	
-3.58504e-018	-1.45376e-017	1	
511 213
1	1.87305e-015	9.87687e-006	
1.66604e-015	1	6.51594e-005	
-3.83301e-018	-1.38508e-017	1	
500 214
1	1.55048e-015	-1.103e-006	
1.63841e-015	1	5.9629e-005	
-4.64798e-018	-1.5201e-017	1	
536 215
1	1.51769e-015	8.11533e-006	
1.69987e-015	1	6.03958e-005	
-4.40947e-018	-1.61246e-017	1	
509 216
1	1.6111e-015	7.91829e-006	
1.73486e-015	1	5.3182e-005	
-4.71689e-018	-1.48844e-017	1	
511 217
1	1.47278e-015	7.13719e-006	
1.77517e-015	1	5.35536e-005	
-5.56547e-018	-1.60187e-017	1	
499 218
1	1.97994e-015	1.50066e-005	
1.71707e-015	1	5.13351e-005	
-5.80435e-018	-1.55231e-017	1	
497 219
1	1.87865e-015	1.15663e-005	
1.5736e-015	1	4.9616e-005	
-7.19655e-018	-1.60994e-017	1	
487 220
1	2.42675e-015	1.60964e-005	
1.59198e-015	1	5.65225e-005	
-6.85117e-018	-1.50554e-017	1	
487 221
1	1.27631e-015	1.80025e-005	
1.49337e-015	1	4.4189e-005	
-7.27204e-018	-1.78542e-017	1	
483 222
1	1.87236e-015	2.18497e-005	
1.71665e-015	1	4.2958e-005	
-7.03307e-018	-1.66687e-017	1	
339 223
1	1.06166e-015	3.22136e-005	
1.5574e-015	1	4.33857e-005	
-8.21652e-018	-1.75259e-017	1	
520 224
1	9.61868e-016	4.84784e-005	
1.54132e-015	1	5.61819e-005	
-9.69387e-018	-1.8635e-017	1	
512 225
1	1.04905e-015	4.83857e-005	
1.4539e-015	1	4.95715e-005	
-1.09163e-017	-1.92242e-017	1	
498 226
1	9.27432e-016	3.53257e-005	
1.42005e-015	1	4.25961e-005	
-1.03043e-017	-1.88548e-017	1	
502 227
1	1.31192e-015	3.52781e-005	
1.49238e-015	1	5.33468e-005	
-9.78326e-018	-1.86568e-017	1	
507 228
1	1.74547e-015	2.97009e-005	
1.4186e-015	1	5.8229e-005	
-1.06932e-017	-1.93321e-017	1	
511 229
1	1.76931e-015	2.27686e-005	
1.56422e-015	1	4.94363e-005	
-9.89783e-018	-1.82355e-017	1	
537 230
1	1.3983e-015	1.37505e-005	
1.91414e-015	1	4.7858e-005	
-7.71373e-018	-1.67286e-017	1	
538 231
1	1.40404e-015	6.43782e-006	
2.14306e-015	1	4.04579e-005	
-7.79661e-018	-1.62482e-017	1	
215 232
1	8.34701e-016	2.09845e-005	
2.13434e-015	1	4.23951e-005	
-7.8502e-018	-1.63589e-017	1	
458 233
1	1.53499e-015	2.94594e-005	
2.02391e-015	1	4.6127e-005	
-9.433e-018	-1.58477e-017	1	
508 234
1	1.72247e-015	3.28282e-005	
2.08603e-015	1	5.85553e-005	
-9.18722e-018	-1.47803e-017	1	
339 235
1	1.65102e-015	3.09767e-005	
2.04459e-015	1	5.42907e-005	
-1.03245e-017	-1.56567e-017	1	
455 236
1	2.02526e-015	1.25531e-005	
1.91591e-015	1	4.72613e-005	
-1.00746e-017	-1.48141e-017	1	
418 237
1	2.32428e-015	1.46607e-005	
2.07151e-015	1	4.59334e-005	
-1.0457e-017	-1.28357e-017	1	
454 238
1	2.0349e-015	1.22194e-005	
2.11106e-015	1	3.48447e-005	
-9.64545e-018	-1.5556e-017	1	
422 239
1	1.68496e-015	1.34721e-005	
2.05399e-015	1	3.18285e-005	
-1.01426e-017	-1.76559e-017	1	
467 240
1	1.20422e-015	1.48159e-005	
2.25268e-015	1	3.29151e-005	
-8.46374e-018	-1.79498e-017	1	
446 241
1	1.15451e-015	-7.03507e-006	
2.47249e-015	1	2.11134e-005	
-7.17147e-018	-1.71288e-017	1	
474 242
1	8.7457e-016	6.78767e-007	
2.53624e-015	1	1.88275e-005	
-7.01776e-018	-1.69155e-017	1	
461 243
1	-3.15684e-016	9.85762e-006	
2.4317e-015	1	1.46864e-005	
-7.58891e-018	-1.97972e-017	1	
509 244
1	-6.02746e-016	1.48342e-005	
2.53357e-015	1	2.09969e-005	
-7.88275e-018	-2.08664e-017	1	
507 245
1	-6.81489e-016	9.39263e-006	
2.41719e-015	1	9.79564e-006	
-7.73323e-018	-2.14472e-017	1	
533 246
1	-1.04026e-015	1.79456e-005	
2.44821e-015	1	1.84042e-005	
-7.6117e-018	-2.24065e-017	1	
497 247
1	-1.06187e-015	2.63489e-005	
2.42501e-015	1	2.05059e-005	
-7.45895e-018	-2.3162e-017	1	
529 248
1	-7.93442e-016	1.93718e-005	
2.51108e-015	1	1.49535e-005	
-7.27424e-018	-2.32455e-017	1	
499 249
1	-9.83927e-016	8.9287e-006	
2.45223e-015	1	1.27293e-005	
-7.16836e-018	-2.37131e-017	1	
503 250
1	-1.08831e-015	1.97615e-005	
2.65425e-015	1	2.47939e-005	
-6.74022e-018	-2.34467e-017	1	
491 251
1	-1.5671e-015	3.39419e-005	
2.6188e-015	1	3.62447e-005	
-6.44077e-018	-2.58124e-017	1	
531 252
1	-2.23747e-015	4.66584e-005	
2.56633e-015	1	4.29784e-005	
-7.40288e-018	-2.7106e-017	1	
557 253
1	-2.32413e-015	5.78221e-005	
2.56315e-015	1	5.65249e-005	
-7.57336e-018	-2.73746e-017	1	
550 254
1	-2.09735e-015	4.98168e-005	
2.5934e-015	1	5.2123e-005	
-7.61351e-018	-2.73229e-017	1	
506 255
1	-1.94985e-015	4.69326e-005	
2.6925e-015	1	5.09995e-005	
-7.627e-018	-2.70152e-017	1	
534 256
1	-1.63879e-015	2.75234e-005	
2.88177e-015	1	3.79613e-005	
-6.22982e-018	-2.77542e-017	1	
523 257
1	-9.30833e-016	4.31681e-005	
2.91172e-015	1	4.61766e-005	
-5.60313e-018	-2.68864e-017	1	
455 258
1	-6.79799e-016	3.59224e-005	
2.86975e-015	1	3.81121e-005	
-5.42354e-018	-2.54188e-017	1	
447 259
1	-7.07175e-016	2.48373e-005	
2.82562e-015	1	3.16998e-005	
-5.64497e-018	-2.48177e-017	1	
482 260
1	-6.81844e-016	1.38475e-005	
2.62827e-015	1	2.00467e-005	
-5.44407e-018	-2.48636e-017	1	
452 261
1	-5.71519e-016	2.38046e-005	
2.40227e-015	1	2.71135e-005	
-5.45077e-018	-2.42491e-017	1	
463 262
1	2.26721e-016	2.32882e-005	
2.04671e-015	1	1.63132e-005	
-5.44966e-018	-2.38276e-017	1	
469 263
1	-5.86989e-016	1.94556e-005	
2.2072e-015	1	8.43078e-006	
-5.22747e-018	-2.46725e-017	1	
493 264
1	-1.72996e-015	2.07069e-005	
2.2594e-015	1	5.24426e-006	
-4.96801e-018	-2.53258e-017	1	
506 265
1	-1.84966e-015	1.33764e-005	
2.40824e-015	1	-3.49998e-006	
-4.77447e-018	-2.47167e-017	1	
520 266
1	-1.41611e-015	1.08514e-005	
1.61097e-015	1	-6.67136e-006	
-6.1923e-018	-2.48995e-017	1	
478 267
1	-1.5704e-015	4.97536e-006	
1.45258e-015	1	-1.22217e-005	
-6.37874e-018	-2.45358e-017	1	
529 268
1	-1.06053e-015	1.03458e-005	
1.79217e-015	1	-9.52723e-006	
-6.2507e-018	-2.41827e-017	1	
478 269
1	2.57909e-017	9.44344e-006	
1.68172e-015	1	-6.7308e-006	
-6.95506e-018	-2.1902e-017	1	
499 270
1	-5.59099e-016	2.12887e-005	
1.47011e-015	1	-5.18617e-006	
-7.27738e-018	-2.40398e-017	1	
498 271
1	-1.39558e-016	1.38034e-005	
1.43826e-015	1	-7.4997e-006	
-7.13786e-018	-2.26038e-017	1	
521 272
1	8.63729e-017	-1.37752e-006	
1.4733e-015	1	-8.08648e-006	
-7.06234e-018	-2.20399e-017	1	
499 273
1	7.03286e-016	1.51712e-005	
1.40276e-015	1	-4.65546e-006	
-6.64755e-018	-2.15802e-017	1	
507 274
1	5.49188e-016	2.7785e-005	
1.37578e-015	1	-7.42813e-008	
-6.06786e-018	-2.20063e-017	1	
494 275
1	1.60834e-016	2.75687e-005	
1.29916e-015	1	-4.5481e-006	
-6.56598e-018	-2.27507e-017	1	
542 276
1	5.544e-016	4.34044e-005	
1.35669e-015	1	-2.2321e-007	
-5.63643e-018	-2.20352e-017	1	
525 277
1	7.44198e-016	3.88582e-005	
1.34312e-015	1	-6.81983e-006	
-5.21563e-018	-2.15217e-017	1	
556 278
1	8.39022e-016	3.37607e-005	
1.25698e-015	1	-4.84306e-006	
-6.00576e-018	-2.07868e-017	1	
508 279
1	1.75106e-017	1.55156e-005	
1.01556e-015	1	-7.78434e-006	
-6.27294e-018	-2.2518e-017	1	
527 280
1	8.47979e-017	2.82457e-005	
9.66533e-016	1	-8.30381e-006	
-6.01742e-018	-2.14431e-017	1	
537 281
1	-4.13452e-017	3.09164e-005	
1.17052e-015	1	-1.1665e-005	
-4.31822e-018	-2.34522e-017	1	
569 282
1	-2.43803e-016	3.79913e-005	
1.20734e-015	1	-4.44556e-006	
-4.59349e-018	-2.37113e-017	1	
558 283
1	-9.86723e-017	4.69464e-005	
1.29097e-015	1	-5.3076e-006	
-4.05276e-018	-2.41458e-017	1	
597 284
1	-4.20432e-016	5.2977e-005	
1.48325e-015	1	-7.70659e-006	
-3.46201e-018	-2.49084e-017	1	
546 285
1	-3.1465e-016	4.61598e-005	
1.57796e-015	1	-8.20943e-006	
-3.27432e-018	-2.37776e-017	1	
570 286
1	2.02463e-016	3.73981e-005	
1.4964e-015	1	-9.85517e-006	
-3.256e-018	-2.30256e-017	1	
521 287
1	4.17923e-016	4.62033e-005	
1.60836e-015	1	-4.19129e-006	
-2.69962e-018	-2.27842e-017	1	
552 288
1	6.5669e-016	6.45118e-005	
1.68811e-015	1	-3.13218e-006	
-2.48092e-018	-2.23353e-017	1	
550 289
1	2.90378e-016	6.05155e-005	
1.73165e-015	1	-1.38584e-005	
-2.25214e-018	-2.3071e-017	1	
578 290
1	5.23341e-016	6.61023e-005	
1.76617e-015	1	-1.60465e-005	
-2.30392e-018	-2.25562e-017	1	
580 291
1	8.03306e-017	6.62769e-005	
1.46318e-015	1	-8.69272e-006	
-2.39987e-018	-2.25044e-017	1	
204 292
1	9.21645e-016	8.00056e-005	
1.659e-015	1	-8.33245e-006	
-2.51901e-018	-2.27913e-017	1	
457 293
1	1.0183e-015	8.02234e-005	
1.79554e-015	1	-8.46665e-006	
-2.63732e-018	-2.27392e-017	1	
498 294
1	6.10976e-016	8.32678e-005	
1.8298e-015	1	-6.48659e-006	
-1.82765e-018	-2.34403e-017	1	
461 295
1	5.74416e-016	7.41679e-005	
1.73224e-015	1	-1.39274e-005	
-2.80276e-018	-2.32513e-017	1	
536 296
1	6.18311e-016	7.1775e-005	
1.80736e-015	1	-5.51602e-006	
-2.9079e-018	-2.57351e-017	1	
478 297
1	7.60474e-016	6.09612e-005	
1.79018e-015	1	-2.54616e-006	
-2.71212e-018	-2.64639e-017	1	
307 298
1	7.10969e-016	6.13318e-005	
1.96066e-015	1	8.17057e-007	
-1.81487e-018	-2.805e-017	1	
514 299
1	5.47381e-016	6.0963e-005	
1.93441e-015	1	-3.20778e-006	
-2.3626e-018	-2.77474e-017	1	
513 300
1	3.85493e-016	4.44931e-005	
1.881e-015	1	-1.15952e-005	
-2.72163e-018	-2.7238e-017	1	
563 301
1	7.15663e-016	4.15858e-005	
1.89257e-015	1	-1.1868e-005	
-2.29873e-018	-2.70064e-017	1	
501 302
1	7.89797e-016	3.60124e-005	
1.77639e-015	1	-1.8908e-005	
-3.13537e-018	-2.67642e-017	1	
516 303
1	1.07331e-015	1.67707e-005	
1.81437e-015	1	-2.40102e-005	
-3.69804e-018	-2.7068e-017	1	
512 304
1	7.79133e-016	1.35787e-006	
1.86378e-015	1	-2.67481e-005	
-3.50468e-018	-2.69029e-017	1	
555 305
1	1.21042e-015	4.51049e-006	
1.81845e-015	1	-2.18144e-005	
-3.64828e-018	-2.68068e-017	1	
497 306
1	1.15664e-015	-1.42603e-006	
1.79161e-015	1	-3.23051e-005	
-2.76921e-018	-2.64608e-017	1	
553 307
1	1.59122e-015	-2.0438e-006	
1.69032e-015	1	-2.91427e-005	
-2.60082e-018	-2.54643e-017	1	
536 308
1	2.12166e-015	1.73385e-005	
1.97215e-015	1	-2.55023e-005	
-2.42376e-018	-2.37804e-017	1	
554 309
1	2.3283e-015	1.7398e-005	
1.59689e-015	1	-1.57247e-005	
-3.17671e-018	-2.73049e-017	1	
199 310
1	1.86651e-015	1.00001	
1.30733e-015	1	-1.11347e-005	
-6.29071e-018	-2.74113e-017	1	
553 311
1	9.54208e-016	1.00001	
1.22899e-015	1	-9.08329e-006	
-5.48666e-018	-2.84563e-017	1	
409 312
1	7.75309e-016	1.00001	
1.60189e-015	1	-1.02085e-005	
-3.51651e-018	-2.91025e-017	1	
497 313
1	6.10224e-016	1.00001	
1.5844e-015	1	-1.06577e-005	
-3.83938e-018	-3.07761e-017	1	
459 314
1	7.18807e-016	0.999996	
1.66602e-015	1	-2.50089e-005	
-3.73191e-018	-3.05537e-017	1	
508 315
1	5.45558e-016	1.00001	
1.72102e-015	1	-1.43686e-005	
-3.43198e-018	-3.17818e-017	1	
351 316
1	2.38085e-016	0.999998	
1.75966e-015	1	-2.35089e-005	
-3.44927e-018	-3.15727e-017	1	
436 317
1	4.62715e-016	1.00002	
1.71328e-015	1	-1.8755e-005	
-3.22637e-018	-3.16435e-017	1	
148 318
1	-3.17199e-016	1	
1.88959e-015	1	-2.40971e-005	
-2.3425e-018	-3.16468e-017	1	
183 319
1	-5.87391e-016	4.00609e-006	
1.85736e-015	1	-2.97578e-005	
-1.85818e-018	-3.04303e-017	1	
162 320
1	-2.63786e-016	-1.00001	
1.9591e-015	1	-2.60791e-005	
-1.51792e-018	-3.0593e-017	1	
120 321
1	-3.86686e-016	-1.00001	
1.85923e-015	1	-2.55146e-005	
-1.52509e-018	-3.12082e-017	1	
189 322
1	-2.52153e-016	-1.00001	
1.74701e-015	1	-2.81622e-005	
-2.10118e-018	-3.17634e-017	1	
148 323
1	3.00726e-017	-1	
1.82891e-015	1	-2.08435e-005	
-1.18263e-018	-3.00551e-017	1	
113 324
1	6.15273e-016	-1.00002	
1.99928e-015	1	-2.93778e-005	
9.40807e-020	-2.91837e-017	1	
150 325
1	3.23737e-016	-1.00001	
1.95668e-015	1	-1.00002	
-1.24289e-019	-2.87328e-017	1	
133 326
1	6.73659e-016	-1.00003	
2.2859e-015	1	-2.00003	
1.9204e-018	-2.85492e-017	1	
145 327
1	6.53361e-016	-1.00004	
1.974e-015	1	-3.00004	
2.81984e-019	-2.92601e-017	1	
153 328
1	-7.13612e-017	-1.00002	
2.24332e-015	1	-3.00003	
1.61513e-018	-2.97919e-017	1	
333 329
1	-9.55291e-016	-1	
2.05103e-015	1	-3.00004	
5.08571e-019	-3.05389e-017	1	
217 330
1	-1.74233e-015	-0.999995	
2.01436e-015	1	-3.00003	
3.80771e-021	-3.27862e-017	1	
232 331
1	-1.80038e-015	-1.00001	
1.82702e-015	1	-3.00003	
-1.74167e-019	-3.25451e-017	1	
162 332
1	-1.79841e-015	-0.999997	
1.8414e-015	1	-3.00003	
-8.86709e-020	-3.22708e-017	1	
129 333
1.00501	0.00225044	-1.37327	
0.000465115	1.00305	-3.23851	
4.42153e-006	4.75617e-006	0.999997	
115 334
1.01523	0.00284237	-2.61019	
0.00329071	1.00836	-4.48704	
1.60808e-005	5.74624e-006	0.999971	
158 335
1.02717	0.00321456	-3.92095	
0.00608874	1.01526	-5.75924	
3.09892e-005	7.32864e-006	0.999922	
153 336
1.03034	0.0035821	-4.13174	
0.00629642	1.01498	-5.78078	
3.2471e-005	5.23749e-006	0.999915	
177 337
1.03034	0.0035821	-3.1014	
0.00629642	1.01498	-5.77448	
3.2471e-005	5.23749e-006	0.999948	
205 338
1.03034	0.0035821	-2.07104	
0.00629642	1.01498	-5.76818	
3.2471e-005	5.23749e-006	0.99998	
243 339
1.03034	0.0035821	1.02	
0.00629642	1.01498	-5.74928	
3.2471e-005	5.23749e-006	1.00008	
169 340
1.03034	0.0035821	6.17171	
0.00629642	1.01498	-5.71781	
3.2471e-005	5.23749e-006	1.00024	
218 341
1.03034	0.0035821	11.3234	
0.00629642	1.01498	-5.68632	
3.2471e-005	5.23749e-006	1.0004	
298 342
1.03034	0.0035821	17.5055	
0.00629642	1.01498	-5.64854	
3.2471e-005	5.23749e-006	1.0006	
370 343
1.03034	0.0035821	24.7179	
0.00629642	1.01498	-5.60446	
3.2471e-005	5.23749e-006	1.00082	
273 344
1.03034	0.0035821	31.9303	
0.00629642	1.01498	-5.56038	
3.2471e-005	5.23749e-006	1.00105	
474 345
1.03034	0.0035821	40.173	
0.00629642	1.01498	-5.51	
3.2471e-005	5.23749e-006	1.00131	
292 346
1.03034	0.0035821	49.4461	
0.00629642	1.01498	-5.45333	
3.2471e-005	5.23749e-006	1.0016	
342 347
1.03034	0.0035821	58.7192	
0.00629642	1.01498	-5.39665	
3.2471e-005	5.23749e-006	1.0019	
353 348
1.03034	0.0035821	66.9619	
0.00629642	1.01498	-5.34628	
3.2471e-005	5.23749e-006	1.00216	
318 349
1.03034	0.0035821	75.2047	
0.00629642	1.01498	-5.29591	
3.2471e-005	5.23749e-006	1.00242	
365 350
1.03034	0.0035821	82.4171	
0.00629642	1.01498	-5.25184	
3.2471e-005	5.23749e-006	1.00264	
389 351
1.03034	0.0035821	89.6294	
0.00629642	1.01498	-5.20777	
3.2471e-005	5.23749e-006	1.00287	
264 352
1.03034	0.0035821	97.8722	
0.00629642	1.01498	-5.1574	
3.2471e-005	5.23749e-006	1.00313	
363 353
1.03034	0.0035821	107.145	
0.00629642	1.01498	-5.10074	
3.2471e-005	5.23749e-006	1.00342	
339 354
1.03034	0.0035821	116.418	
0.00629642	1.01498	-5.04407	
3.2471e-005	5.23749e-006	1.00371	
395 355
1.03034	0.0035821	125.691	
0.00629642	1.01498	-4.9874	
3.2471e-005	5.23749e-006	1.00401	
320 356
1.03034	0.0035821	134.964	
0.00629642	1.01498	-4.93074	
3.2471e-005	5.23749e-006	1.0043	
351 357
1.03034	0.0035821	144.238	
0.00629642	1.01498	-4.87407	
3.2471e-005	5.23749e-006	1.00459	
254 358
1.03034	0.0035821	153.511	
0.00629642	1.01498	-4.8174	
3.2471e-005	5.23749e-006	1.00488	
265 359
1.03034	0.0035821	162.784	
0.00629642	1.01498	-4.76073	
3.2471e-005	5.23749e-006	1.00518	
255 360
1.03034	0.0035821	172.057	
0.00629642	1.01498	-4.70407	
3.2471e-005	5.23749e-006	1.00547	
306 361
1.03034	0.0035821	181.33	
0.00629642	1.01498	-4.64741	
3.2471e-005	5.23749e-006	1.00576	
293 362
1.03034	0.0035821	190.603	
0.00629642	1.01498	-4.59074	
3.2471e-005	5.23749e-006	1.00605	
279 363
1.03034	0.0035821	199.876	
0.00629642	1.01498	-4.53407	
3.2471e-005	5.23749e-006	1.00634	
304 364
1.03034	0.0035821	208.119	
0.00629642	1.01498	-4.48371	
3.2471e-005	5.23749e-006	1.0066	
320 365
1.03034	0.0035821	216.362	
0.00629642	1.01498	-4.43332	
3.2471e-005	5.23749e-006	1.00686	
347 366
1.03034	0.0035821	224.604	
0.00629642	1.01498	-4.38295	
3.2471e-005	5.23749e-006	1.00712	
507 367
1.03034	0.0035821	232.847	
0.00629642	1.01498	-4.33258	
3.2471e-005	5.23749e-006	1.00738	
363 368
1.03034	0.0035821	241.09	
0.00629642	1.01498	-4.28221	
3.2471e-005	5.23749e-006	1.00764	
418 369
1.03034	0.0035821	249.333	
0.00629642	1.01498	-4.23184	
3.2471e-005	5.23749e-006	1.0079	
349 370
1.03034	0.0035821	257.575	
0.00629642	1.01498	-4.18147	
3.2471e-005	5.23749e-006	1.00816	
359 371
1.03034	0.0035821	265.818	
0.00629642	1.01498	-4.1311	
3.2471e-005	5.23749e-006	1.00842	
443 372
1.03034	0.0035821	274.061	
0.00629642	1.01498	-4.08073	
3.2471e-005	5.23749e-006	1.00868	
286 373
1.03034	0.0035821	282.303	
0.00629642	1.01498	-4.03036	
3.2471e-005	5.23749e-006	1.00894	
378 374
1.03034	0.0035821	290.546	
0.00629642	1.01498	-3.97999	
3.2471e-005	5.23749e-006	1.0092	
312 375
1.03034	0.0035821	298.789	
0.00629642	1.01498	-3.92961	
3.2471e-005	5.23749e-006	1.00946	
312 376
1.03034	0.0035821	306.001	
0.00629642	1.01498	-3.88553	
3.2471e-005	5.23749e-006	1.00969	
284 377
1.03034	0.0035821	313.214	
0.00629642	1.01498	-3.84146	
3.2471e-005	5.23749e-006	1.00992	
375 378
1.03034	0.0035821	319.396	
0.00629642	1.01498	-3.80368	
3.2471e-005	5.23749e-006	1.01011	
243 379
1.03034	0.0035821	324.548	
0.00629642	1.01498	-3.77221	
3.2471e-005	5.23749e-006	1.01027	
416 380
1.03034	0.0035821	329.699	
0.00629642	1.01498	-3.74073	
3.2471e-005	5.23749e-006	1.01044	
422 381
1.03034	0.0035821	334.851	
0.00629642	1.01498	-3.70924	
3.2471e-005	5.23749e-006	1.0106	
473 382
1.03034	0.0035821	340.003	
0.00629642	1.01498	-3.67775	
3.2471e-005	5.23749e-006	1.01076	
399 383
1.03034	0.0035821	345.154	
0.00629642	1.01498	-3.64627	
3.2471e-005	5.23749e-006	1.01092	
281 384
1.03034	0.0035821	349.276	
0.00629642	1.01498	-3.62108	
3.2471e-005	5.23749e-006	1.01105	
424 385
1.03034	0.0035821	353.397	
0.00629642	1.01498	-3.59589	
3.2471e-005	5.23749e-006	1.01118	
399 386
1.03034	0.0035821	356.488	
0.00629642	1.01498	-3.57699	
3.2471e-005	5.23749e-006	1.01128	
411 387
1.03034	0.0035821	359.579	
0.00629642	1.01498	-3.55809	
3.2471e-005	5.23749e-006	1.01138	
355 388
1.03034	0.0035821	362.67	
0.00629642	1.01498	-3.53921	
3.2471e-005	5.23749e-006	1.01147	
374 389
1.03034	0.0035821	365.761	
0.00629642	1.01498	-3.52033	
3.2471e-005	5.23749e-006	1.01157	
427 390
1.03034	0.0035821	368.852	
0.00629642	1.01498	-3.50145	
3.2471e-005	5.23749e-006	1.01167	
286 391
1.03034	0.0035821	371.943	
0.00629642	1.01498	-3.48255	
3.2471e-005	5.23749e-006	1.01177	
157 392
1.02497	0.00581057	375.961	
0.00640705	1.01589	-3.5393	
3.29608e-005	7.65289e-006	1.0119	
109 393
1.01785	0.00235463	378.254	
0.00605385	1.01298	-3.27024	
3.09342e-005	-1.11204e-007	1.01197	
125 394
1.01222	-0.00188669	381.996	
0.00642565	1.01218	-3.28141	
3.29984e-005	-4.90179e-006	1.01209	
77 395
1.02197	0.00512801	384.838	
0.00689364	1.0143	-2.27461	
4.9711e-005	7.04435e-006	1.01223	
65 396
1.03062	0.0283167	387.705	
0.00545429	1.02054	-1.16946	
6.29736e-005	5.17649e-005	1.01246	
59 397
1.00313	0.0596473	391.646	
0.00425293	1.01868	0.118972	
3.92503e-005	9.59537e-005	1.01273	
61 398
0.990897	0.0468534	395.657	
0.00592742	1.00327	1.28541	
4.23254e-005	7.20776e-005	1.01298	
55 399
1.011	0.0788944	397.107	
0.00760161	1.01609	1.80243	
7.23442e-005	0.000134769	1.01315	
72 400
0.988028	0.0515751	401.173	
0.00881128	0.988346	4.13468	
7.61469e-005	7.41796e-005	1.01363	
72 401
0.97927	0.0452469	403.883	
0.0103575	0.974102	5.94141	
7.81899e-005	6.36701e-005	1.01395	
76 402
0.977853	0.0366035	406.324	
0.0122416	0.961914	7.78832	
9.34666e-005	4.56839e-005	1.01427	
54 403
0.965657	0.0380084	408.823	
0.0112483	0.951665	11.0316	
8.9878e-005	5.20148e-005	1.01466	
77 404
0.964061	0.0390616	410.878	
0.0128732	0.941824	14.849	
9.94095e-005	5.26181e-005	1.01507	
77 405
0.948289	0.0296417	413.813	
0.0127297	0.923482	20.1157	
9.36264e-005	3.68655e-005	1.01555	
62 406
0.93887	0.0305471	416.252	
0.0120454	0.917093	25.1645	
9.29601e-005	4.06251e-005	1.016	
82 407
0.907727	-0.0349723	426.943	
0.0108345	0.876025	32.2278	
8.70392e-005	-4.25266e-005	1.01672	
69 408
0.89627	-0.0480697	429.293	
0.0107042	0.861808	35.2305	
8.66424e-005	-6.58137e-005	1.01673	
52 409
0.891251	-0.0593463	431.262	
0.011074	0.849262	38.0102	
9.29657e-005	-8.10405e-005	1.01669	
54 410
0.886543	-0.0323259	432.133	
0.00875469	0.852227	40.8431	
8.48327e-005	-2.77585e-005	1.0167	
56 411
0.863492	-0.0222276	434.227	
0.00380868	0.84401	44.048	
5.77604e-005	-1.57619e-006	1.01684	
68 412
0.861305	0.0046005	433.499	
0.00315421	0.86265	41.9619	
5.52329e-005	4.01124e-005	1.01669	
72 413
0.854927	-0.00597332	435.58	
0.00439727	0.849929	43.9348	
