766 0
1	2.81114e-016	-1.02733e-005	
-1.37277e-016	1	-7.06481e-006	
-6.45089e-019	5.96187e-019	1	
708 1
1	3.35063e-016	-2.74344e-006	
-2.42755e-016	1	1.68323e-006	
-1.09138e-018	1.01498e-018	1	
783 2
1	-2.96878e-017	1.51669e-005	
-1.05274e-016	1	1.39011e-005	
-9.18107e-019	1.23843e-018	1	
724 3
1	-1.62412e-016	3.63274e-005	
5.03129e-017	1	1.34983e-005	
4.76054e-019	6.32846e-020	1	
693 4
1	-8.38448e-016	3.30959e-005	
-9.66375e-017	1	4.82028e-006	
1.04739e-018	-2.27236e-018	1	
694 5
1	-1.40848e-015	3.83303e-005	
-1.04953e-016	1	4.38352e-006	
1.01735e-018	-3.29732e-018	1	
203 6
1	-1.50867e-015	4.87231e-005	
-9.54607e-017	1	-1.78657e-007	
9.93088e-019	-1.71587e-018	1	
452 7
1	8.9091e-017	3.09981e-005	
-8.30353e-016	1	-3.74467e-006	
-2.96685e-018	2.33749e-018	1	
529 8
1	5.83434e-016	2.85225e-005	
-9.04196e-016	1	-1.79136e-006	
-4.34758e-018	1.93883e-018	1	
485 9
1	3.68567e-016	2.30878e-005	
-1.48104e-015	1	-9.74619e-006	
-7.51563e-018	5.45614e-019	1	
587 10
1	1.41704e-015	2.3555e-005	
-1.82584e-015	1	-1.94831e-005	
-9.13612e-018	4.28386e-018	1	
496 11
1	7.23828e-016	4.25054e-005	
-1.64778e-015	1	-1.28609e-005	
-7.81281e-018	2.10265e-018	1	
575 12
1	-1.1078e-016	5.06988e-005	
-1.67628e-015	1	-1.05753e-005	
-7.46128e-018	5.10554e-019	1	
552 13
1	-1.42925e-015	6.78877e-005	
-1.17016e-015	1	-1.33275e-005	
-5.45717e-018	-2.20823e-018	1	
607 14
1	-2.12029e-015	7.53652e-005	
-9.12496e-016	1	-1.27034e-005	
-3.55959e-018	-4.08653e-018	1	
610 15
1	-2.24243e-015	7.4499e-005	
-1.02437e-015	1	-2.39857e-005	
-4.46084e-018	-4.26794e-018	1	
632 16
1	-2.62821e-015	9.29401e-005	
-1.0731e-015	1	-1.44633e-005	
-4.75329e-018	-4.94128e-018	1	
598 17
1	-2.18091e-015	8.49553e-005	
-5.83883e-016	1	-2.28934e-005	
-1.66371e-018	-4.7807e-018	1	
644 18
1	-1.65312e-015	0.000109036	
-8.52005e-016	1	-1.32238e-005	
-2.37873e-018	-3.11237e-018	1	
616 19
1	-3.16266e-015	0.000110662	
-1.89048e-016	1	-1.91827e-005	
1.49178e-018	-4.39741e-018	1	
633 20
1	-3.47177e-015	0.000117758	
1.16845e-016	1	-1.63703e-005	
2.80085e-018	-7.17843e-018	1	
602 21
1	-2.99309e-015	0.000113893	
1.06441e-016	1	-9.558e-006	
3.12538e-018	-6.02411e-018	1	
648 22
1	-3.99787e-015	0.000123403	
-1.79645e-016	1	-4.09663e-006	
1.82496e-018	-8.08293e-018	1	
638 23
1	-4.29287e-015	0.000114713	
-1.9658e-016	1	-8.50892e-006	
2.02024e-018	-7.74297e-018	1	
652 24
1	-3.90397e-015	0.000135449	
-2.05549e-016	1	-6.15206e-006	
1.37969e-018	-7.42791e-018	1	
587 25
1	-3.78793e-015	0.000152935	
-3.91137e-016	1	-2.44995e-006	
-3.6177e-019	-5.58358e-018	1	
599 26
1	-3.94129e-015	0.000142722	
-4.46077e-016	1	-9.68149e-006	
-1.4386e-018	-7.97124e-018	1	
582 27
1	-4.32571e-015	0.000132531	
-3.97723e-016	1	-1.51365e-005	
-6.50098e-019	-8.56984e-018	1	
601 28
1	-4.10242e-015	0.000145759	
-5.94479e-016	1	-1.94725e-005	
-1.71665e-018	-9.56323e-018	1	
603 29
1	-4.35884e-015	0.000144563	
-5.19898e-016	1	-1.82197e-005	
-1.16353e-018	-9.82153e-018	1	
641 30
1	-4.68766e-015	0.000172142	
-2.95693e-016	1	-7.02938e-006	
1.33425e-019	-1.17742e-017	1	
597 31
1	-4.20654e-015	0.000195118	
1.61321e-017	1	-5.2469e-006	
1.27082e-018	-1.10286e-017	1	
645 32
1	-4.80682e-015	0.000177413	
-3.24966e-017	1	-4.73398e-006	
6.29201e-019	-1.2865e-017	1	
614 33
1	-4.4619e-015	0.000188869	
-2.80352e-016	1	-5.67966e-006	
-5.87063e-019	-9.92205e-018	1	
605 34
1	-4.27184e-015	0.000171241	
-8.8793e-017	1	-6.55223e-006	
5.06317e-019	-1.09683e-017	1	
570 35
1	-3.35263e-015	0.000162581	
-5.20671e-016	1	-7.14072e-006	
-2.45818e-018	-6.88805e-018	1	
604 36
1	-3.39697e-015	0.000161613	
-3.86441e-016	1	-8.87444e-007	
-1.05769e-018	-7.83134e-018	1	
514 37
1	-3.63965e-015	0.00015752	
-4.36299e-016	1	-1.54155e-005	
-1.18677e-018	-8.26225e-018	1	
591 38
1	-3.1935e-015	0.000167021	
-1.58791e-016	1	-1.80192e-005	
1.49227e-019	-9.25736e-018	1	
577 39
1	-3.49995e-015	0.000142403	
-5.46689e-016	1	-2.47581e-005	
-1.46799e-018	-8.85541e-018	1	
592 40
1	-4.03299e-015	0.000135106	
-1.86009e-016	1	-3.84822e-005	
2.35118e-019	-9.24835e-018	1	
621 41
1	-3.99992e-015	0.000140652	
-4.54829e-016	1	-3.44304e-005	
-1.24198e-018	-5.95605e-018	1	
642 42
1	-2.84445e-015	0.000149874	
-6.5662e-016	1	-2.62693e-005	
-2.34026e-018	-4.18831e-018	1	
639 43
1	-3.02581e-015	0.000134501	
-8.68408e-016	1	-3.41541e-005	
-3.08391e-018	-3.19245e-018	1	
592 44
1	-3.67716e-015	0.000125948	
-7.97207e-016	1	-2.68159e-005	
-1.39787e-018	-5.51754e-018	1	
593 45
1	-3.15202e-015	0.000125678	
-5.47125e-016	1	-1.7348e-005	
2.98396e-019	-4.93716e-018	1	
680 46
1	-2.76017e-015	0.000119442	
-6.00451e-016	1	-2.99102e-005	
-1.15893e-018	-2.82519e-018	1	
622 47
1	-2.77019e-015	0.000114613	
-5.97942e-016	1	-2.84218e-005	
-2.07204e-018	-1.27208e-018	1	
641 48
1	-3.2268e-015	9.24869e-005	
-7.63488e-016	1	-3.34835e-005	
-2.86574e-018	-4.81418e-019	1	
606 49
1	-2.5225e-015	7.97939e-005	
-7.08361e-016	1	-2.88512e-005	
-3.26094e-018	6.0289e-019	1	
645 50
1	-2.54529e-015	0.000107269	
-3.3586e-016	1	-2.19535e-005	
-1.28472e-018	-7.78545e-019	1	
599 51
1	-2.97284e-015	0.000100586	
-6.59941e-017	1	-2.85461e-005	
1.02149e-018	-1.83939e-019	1	
582 52
1	-2.75292e-015	9.13628e-005	
-1.97614e-016	1	-3.30737e-005	
1.29875e-018	1.31182e-018	1	
556 53
1	-3.19893e-015	9.20051e-005	
2.21546e-016	1	-4.46968e-005	
3.63883e-018	4.49242e-019	1	
579 54
1	-3.17743e-015	9.3563e-005	
-1.08809e-016	1	-4.69561e-005	
2.65435e-018	4.89097e-019	1	
565 55
1	-4.75862e-015	8.26501e-005	
-2.62778e-016	1	-6.05455e-005	
2.06987e-018	-3.85235e-019	1	
580 56
1	-5.38586e-015	7.52964e-005	
1.84964e-016	1	-6.72771e-005	
3.63212e-018	-1.78968e-018	1	
564 57
1	-6.53599e-015	7.16093e-005	
1.91888e-016	1	-8.11469e-005	
3.84822e-018	-3.03362e-018	1	
573 58
1	-6.03471e-015	9.24019e-005	
3.57784e-016	1	-6.96049e-005	
5.26694e-018	-2.96647e-018	1	
545 59
1	-6.03358e-015	7.50523e-005	
8.37598e-016	1	-7.97601e-005	
7.65397e-018	-2.13211e-018	1	
582 60
1	-5.83006e-015	7.93707e-005	
1.51893e-015	1	-7.12821e-005	
9.81598e-018	-2.96092e-018	1	
574 61
1	-6.11359e-015	5.87022e-005	
9.65866e-016	1	-7.4721e-005	
7.00935e-018	-3.33551e-018	1	
549 62
1	-6.37227e-015	6.70129e-005	
7.14345e-016	1	-7.46032e-005	
6.08464e-018	-3.85829e-018	1	
519 63
1	-7.6961e-015	4.63425e-005	
1.02063e-015	1	-8.18399e-005	
7.47992e-018	-6.36508e-018	1	
518 64
1	-6.45658e-015	6.13413e-005	
1.34621e-015	1	-6.58346e-005	
8.65156e-018	-3.99549e-018	1	
503 65
1	-5.85831e-015	3.423e-005	
1.81414e-015	1	-7.44793e-005	
1.02845e-017	-3.54015e-018	1	
222 66
1	-6.65958e-015	3.78737e-005	
2.15665e-015	1	-6.46414e-005	
1.15827e-017	-5.91761e-018	1	
411 67
1	-7.90568e-015	2.22307e-005	
2.81313e-015	1	-7.31481e-005	
1.49472e-017	-7.24159e-018	1	
488 68
1	-7.29647e-015	1.81612e-005	
2.47257e-015	1	-7.65611e-005	
1.33559e-017	-4.95592e-018	1	
457 69
1	-5.38477e-015	1.8631e-005	
2.31515e-015	1	-7.23082e-005	
1.23286e-017	-3.8634e-018	1	
484 70
1	-5.03858e-015	3.79518e-005	
2.65836e-015	1	-5.79723e-005	
1.42194e-017	-4.53613e-018	1	
447 71
1	-4.44205e-015	3.91625e-005	
2.49171e-015	1	-5.52842e-005	
1.38909e-017	-5.50683e-018	1	
529 72
1	-5.32826e-015	1.71518e-005	
2.3495e-015	1	-5.36965e-005	
1.31701e-017	-8.11435e-018	1	
271 73
1	-5.21711e-015	6.25097e-006	
2.46246e-015	1	-5.18018e-005	
1.39866e-017	-6.22011e-018	1	
329 74
1	-4.45602e-015	4.32283e-006	
2.30352e-015	1	-5.22415e-005	
1.26842e-017	-5.33712e-018	1	
486 75
1	-5.08643e-015	-1.47261e-005	
2.32829e-015	1	-6.2116e-005	
1.17222e-017	-5.87113e-018	1	
414 76
1	-5.70058e-015	-6.27851e-006	
2.93106e-015	1	-6.18927e-005	
1.49898e-017	-5.90259e-018	1	
226 77
1	-5.51553e-015	5.62088e-006	
2.75168e-015	1	-5.92699e-005	
1.38945e-017	-4.60993e-018	1	
221 78
1	-4.95034e-015	1.68497e-006	
3.0527e-015	1	-5.30549e-005	
1.50962e-017	-3.29934e-018	1	
181 79
1	-5.72724e-015	0.999992	
3.23724e-015	1	-5.34997e-005	
1.54357e-017	-2.7448e-018	1	
205 80
1	-5.89601e-015	0.999982	
3.10184e-015	1	-5.95978e-005	
1.53403e-017	-8.48388e-019	1	
282 81
1	-6.55665e-015	1.99998	
3.01433e-015	1	-6.39066e-005	
1.52909e-017	-3.11572e-018	1	
205 82
1	-6.54438e-015	2.99997	
3.02558e-015	1	-7.48836e-005	
1.5408e-017	-1.43201e-018	1	
264 83
1	-6.60137e-015	3.99996	
3.10977e-015	1	-8.27236e-005	
1.66578e-017	-3.65947e-019	1	
265 84
1	-5.83391e-015	5.99994	
2.99057e-015	1	-8.551e-005	
1.69397e-017	6.95995e-019	1	
171 85
1	-5.59608e-015	9.99994	
2.92939e-015	1	-8.62985e-005	
1.79104e-017	3.78983e-018	1	
276 86
1	-5.8637e-015	14	
3.08355e-015	1	-9.57472e-005	
1.81874e-017	2.83265e-018	1	
335 87
1	-5.71854e-015	17.9999	
3.29305e-015	1	-9.64579e-005	
2.06248e-017	9.48414e-019	1	
401 88
1	-4.66699e-015	22	
3.27313e-015	1	-9.1161e-005	
2.09626e-017	5.38803e-018	1	
273 89
1	-4.10161e-015	27	
3.26707e-015	1	-8.36726e-005	
2.07283e-017	6.57544e-018	1	
434 90
1	-4.31816e-015	31	
3.41448e-015	1	-8.08416e-005	
2.25221e-017	4.96864e-018	1	
441 91
1	-5.08523e-015	36	
3.64257e-015	1	-8.79508e-005	
2.28176e-017	4.35031e-018	1	
417 92
1	-5.38601e-015	41	
3.57049e-015	1	-9.28895e-005	
2.25424e-017	3.21671e-018	1	
291 93
1	-5.92074e-015	47	
3.37509e-015	1	-8.34378e-005	
2.17659e-017	1.20793e-019	1	
490 94
1	-7.44171e-015	52	
3.13014e-015	1	-7.98955e-005	
1.99533e-017	-3.62714e-018	1	
311 95
1	-6.28784e-015	59	
3.32024e-015	1	-7.74324e-005	
2.15175e-017	-6.72064e-019	1	
471 96
1	-6.22511e-015	67	
3.00421e-015	1	-8.00148e-005	
1.92925e-017	-1.70036e-018	1	
210 97
1	-6.92245e-015	76	
3.39543e-015	1	-7.78335e-005	
1.99507e-017	-3.31583e-018	1	
259 98
1	-6.11704e-015	86	
3.58476e-015	1	-7.58121e-005	
2.03605e-017	-2.56557e-018	1	
240 99
1	-7.58324e-015	98	
3.73056e-015	1	-6.81633e-005	
1.98689e-017	-5.1437e-018	1	
216 100
1	-8.87848e-015	111	
3.24539e-015	1	-7.3123e-005	
1.90826e-017	-8.56919e-018	1	
256 101
1	-8.22931e-015	126	
3.70025e-015	1	-7.49845e-005	
2.16041e-017	-7.2036e-018	1	
286 102
1	-7.91637e-015	141	
3.00376e-015	1	-6.68346e-005	
1.82295e-017	-8.86864e-018	1	
283 103
1	-7.99097e-015	156	
3.1633e-015	1	-6.50871e-005	
1.83425e-017	-6.81548e-018	1	
365 104
1	-8.8599e-015	169	
2.64402e-015	1	-5.52252e-005	
1.69308e-017	-8.56147e-018	1	
252 105
1	-9.07588e-015	182	
3.12245e-015	1	-4.64418e-005	
1.87163e-017	-7.17547e-018	1	
277 106
1	-9.26276e-015	193	
3.04388e-015	1	-4.04416e-005	
1.73847e-017	-7.62191e-018	1	
139 107
1	-9.34772e-015	202	
3.24216e-015	1	-4.5589e-005	
1.83964e-017	-8.78758e-018	1	
370 108
1	-9.26065e-015	209	
3.63524e-015	1	-5.36671e-005	
2.02237e-017	-9.71311e-018	1	
344 109
1	-9.27096e-015	216	
2.75201e-015	1	-6.71046e-005	
1.80588e-017	-1.09478e-017	1	
580 110
1	-8.57013e-015	224	
2.29044e-015	1	-5.81398e-005	
1.72592e-017	-1.14853e-017	1	
359 111
1	-7.30948e-015	233	
1.94967e-015	1	-7.01421e-005	
1.50326e-017	-1.09683e-017	1	
490 112
1	-6.45455e-015	242	
2.51645e-015	1	-7.24254e-005	
1.58407e-017	-1.04043e-017	1	
445 113
1	-7.59255e-015	251	
2.12219e-015	1	-8.38329e-005	
1.46499e-017	-1.18991e-017	1	
471 114
1	-7.65319e-015	259	
2.12723e-015	1	-7.50043e-005	
1.46309e-017	-1.18921e-017	1	
657 115
1	-7.15343e-015	267	
1.75476e-015	1	-8.31742e-005	
1.3583e-017	-8.20595e-018	1	
277 116
1	-7.97081e-015	274	
1.81132e-015	1	-7.04438e-005	
1.47713e-017	-9.1166e-018	1	
287 117
1	-7.23184e-015	278	
1.70669e-015	1	-7.86633e-005	
1.39902e-017	-8.36957e-018	1	
337 118
1	-7.80902e-015	283	
1.47369e-015	1	-9.05657e-005	
1.32546e-017	-8.44097e-018	1	
487 119
1	-6.76262e-015	289	
1.2252e-015	1	-9.57336e-005	
1.21867e-017	-7.54272e-018	1	
437 120
1	-5.77088e-015	294	
1.03242e-015	1	-0.000107227	
1.1547e-017	-6.80701e-018	1	
258 121
1	-5.45698e-015	297	
1.21446e-015	1	-0.000102926	
1.30451e-017	-6.51461e-018	1	
446 122
1	-6.47214e-015	299	
8.25202e-016	1	-0.000103822	
1.09557e-017	-6.86885e-018	1	
365 123
1	-5.49482e-015	302	
8.99246e-016	1	-0.000117027	
1.165e-017	-5.81318e-018	1	
298 124
1	-5.83628e-015	308	
4.00754e-016	1	-0.00011725	
8.33242e-018	-5.14187e-018	1	
328 125
1	-5.24694e-015	312	
7.23548e-016	1	-0.000113733	
9.84129e-018	-6.74433e-018	1	
196 126
1	-5.07917e-015	313	
1.46414e-015	1	-9.90135e-005	
1.37063e-017	-7.32672e-018	1	
284 127
1	-4.69875e-015	312	
1.16177e-015	1	-9.27143e-005	
1.18469e-017	-7.47982e-018	1	
282 128
1	-5.96598e-015	312	
9.23801e-016	1	-9.20158e-005	
1.13465e-017	-9.19968e-018	1	
174 129
1	-4.98728e-015	312	
1.10842e-015	1	-0.000103163	
1.18519e-017	-9.95046e-018	1	
143 130
1	-5.04678e-015	312	
7.2236e-016	1	-9.31893e-005	
1.04619e-017	-9.97633e-018	1	
445 131
1	-5.97728e-015	312	
9.22721e-016	1	-0.000102836	
1.07904e-017	-1.26532e-017	1	
518 132
1	-5.37711e-015	312	
6.79114e-016	1	-0.000100342	
9.54862e-018	-1.27792e-017	1	
292 133
1	-5.22701e-015	312	
7.62211e-016	1	-0.000104103	
8.94888e-018	-1.22289e-017	1	
360 134
1	-5.44938e-015	312	
5.86572e-016	1	-0.00010028	
7.43306e-018	-1.24322e-017	1	
161 135
1	-4.41759e-015	312	
3.62695e-016	1	-9.06493e-005	
6.81765e-018	-9.49459e-018	1	
196 136
1	-3.84797e-015	310	
5.64957e-016	1	-9.52791e-005	
7.16577e-018	-8.56902e-018	1	
240 137
1	-4.82556e-015	310	
8.65043e-016	1	-0.000100258	
8.51349e-018	-1.05812e-017	1	
125 138
1	-5.30041e-015	310	
5.15421e-016	1	-9.51595e-005	
6.54135e-018	-1.1086e-017	1	
357 139
1	-5.56114e-015	310	
6.70293e-016	1	-9.75763e-005	
7.80464e-018	-1.16726e-017	1	
575 140
1	-5.9091e-015	310	
6.39378e-016	1	-9.63908e-005	
8.0927e-018	-1.27271e-017	1	
367 141
1	-6.28296e-015	310	
6.81362e-016	1	-8.51916e-005	
8.44556e-018	-1.3027e-017	1	
634 142
1	-6.42265e-015	310	
5.02167e-016	1	-8.71186e-005	
7.49277e-018	-1.25915e-017	1	
450 143
1	-6.56651e-015	310	
4.94697e-016	1	-8.91749e-005	
7.35855e-018	-1.25552e-017	1	
384 144
1	-6.53216e-015	310	
5.64462e-016	1	-8.69742e-005	
8.11004e-018	-1.01551e-017	1	
141 145
1	-6.76349e-015	309	
5.41112e-016	1	-8.01176e-005	
7.80642e-018	-9.64129e-018	1	
304 146
1	-6.1836e-015	309	
5.94173e-016	1	-7.96109e-005	
7.67774e-018	-9.55984e-018	1	
532 147
1	-7.97781e-015	309	
3.71391e-016	1	-8.26328e-005	
6.21357e-018	-1.19524e-017	1	
351 148
1	-7.55591e-015	309	
4.92433e-016	1	-8.56761e-005	
7.26149e-018	-1.1755e-017	1	
608 149
1	-7.4887e-015	309	
4.23563e-016	1	-8.96277e-005	
6.87487e-018	-1.13332e-017	1	
422 150
1	-6.80069e-015	309	
6.48158e-016	1	-8.95299e-005	
7.16653e-018	-1.1796e-017	1	
428 151
1	-7.6245e-015	309	
5.64409e-016	1	-9.46681e-005	
6.6825e-018	-1.34111e-017	1	
477 152
1	-8.60338e-015	309	
7.11915e-016	1	-9.10149e-005	
6.90024e-018	-1.49648e-017	1	
340 153
1	-8.58725e-015	309	
7.30508e-016	1	-9.42714e-005	
7.03952e-018	-1.48544e-017	1	
366 154
1	-9.04596e-015	309	
5.83547e-016	1	-0.00010071	
6.86235e-018	-1.53807e-017	1	
449 155
1	-8.87907e-015	309	
9.18294e-016	1	-9.06621e-005	
7.86141e-018	-1.61113e-017	1	
192 156
1	-8.48851e-015	309	
8.79617e-016	1	-8.25984e-005	
8.06736e-018	-1.66285e-017	1	
549 157
1	-7.96501e-015	309	
9.41237e-016	1	-7.56298e-005	
8.56181e-018	-1.57986e-017	1	
605 158
1	-7.66454e-015	309	
8.91717e-016	1	-8.26913e-005	
8.30396e-018	-1.63753e-017	1	
